16.492422
33.492424
53.492424
72.51872
90.62949
107.62949
128.8427
145.95995
165.06493
182.09431
203.18933
220.21872
239.24501
256.245
276.245
294.4933
316.4933
334.52106
351.52106
370.62604
394.8128
410.8128
429.8391
447.9499
469.04492
487.04492
507.06992
523.06995
542.09625
558.1275
579.1513
597.1791
615.20685
636.3019
656.3019
677.3019
693.1133
712.3487
733.3725
751.40027
772.4953
791.4953
809.4953
827.4953
847.4953
863.4953
883.4953
901.5231
919.63385
939.63385
958.63385
979.84705
999.872
1019.97174
1043.9926
1059.2568
1075.3813
1090.4147
1106.4147
1132.0466
1151.1516
1166.963
1183.4554
1202.4554
1221.4817
1239.9208
1254.9541
1271.4465
1287.939
1304.3402
1320.1516
1354.3569
1371.6196
1391.4691
1409.4968
1427.6075
1442.6409
1463.8541
1484.9491
1505.9729
1522.9729
1541.9991
1568.9991
1585.1237
1612.1976
1629.227
1648.2533
1663.2866
1687.2866
1704.316
1725.316
1741.8085
1757.8397
1773.871
1795.9617
1811.2588
1826.3915
1847.4865
1865.5972
1884.6234
1902.7341
1923.7579
1942.7579
1962.8577
1986.8785
2006.9783
2024.9783
2043.089
2063.0889
2083.1138
2099.2383
2120.3333
2136.4578
2152.7366
2176.8198
2200.357
2220.4568
2240.4568
2257.486
2274.9504
2295.174
2313.202
2330.319
2348.347
2366.7861
2386.811
2406.836
2426.8608
2445.8608
2460.9937
2481.9937
2499.023
2519.0479
2537.2961
2552.3293
2570.4402
2591.6533
2616.8328
2632.9573
2651.2056
2669.4539
2685.1064
2702.7983
2718.7983
2736.9092
2752.2063
2769.2356
2785.2668
2800.564
2821.659
2838.6882
2854.4995
2870.5308
2887.648
2903.3005
2918.9531
2935.0776
2951.2021
2971.4258
2990.5308
3007.56
3025.588
3046.6829
3064.7107
3083.737
3099.7683
3117.8792
3134.9084
3155.9321
3174.043
3192.043
3213.0667
3231.0667
3250.093
3270.3167
3289.7332
3312.82
3331.925
3353.02
3372.0464
3391.0728
3410.099
3428.21
3449.305
3464.4377
3482.4377
3497.471
3515.9102
3538.001
3555.1182
3574.1445
3589.1777
3610.3909
3630.6145
3648.8628
3668.8877
3687.914
3702.9473
3722.1826
3738.9456
3755.101
3775.026
3795.2744
3812.3623
3828.8547
3845.0103
3862.7302
3880.758
3902.894
3918.7053
3940.2922
3958.403
3977.4294
3995.6777
4015.9014
4030.9346
4050.351
4066.1624
4082.9253
4100.6455
4116.17
4137.265
4154.2944
4170.573
4185.706
4201.706
4219.954
4235.251
4252.251
4271.356
4287.0083
4304.813
4321.4565
4337.9487
4353.2456
4368.477
4387.79
4409.0034
4427.0312
4445.2793
4465.304
4485.404
4504.639
4525.035
4548.122
4565.122
4583.233
4599.264
4618.369
4638.369
4657.3955
4679.4863
4697.597
4713.7524
4731.217
4747.0283
4765.71
4786.3257
4803.79
4824.79
4841.79
4859.5103
4877.895
4894.0503
4911.855
4933.946
4953.181
4970.181
4988.209
5008.0586
5026.927
5043.082
5059.082
5077.7637
5096.121
5117.9614
5138.577
5156.962
5176.609
5197.633
5226.2686
5242.67
5260.6978
5275.9946
5297.9946
5314.026
5339.106
5366.1797
5381.213
5404.235
5425.448
5445.146
5463.394
5478.527
5496.5547
5513.6426
5537.1797
5553.1797
5568.3125
5585.517
5600.5503
5615.683
5632.4463
5648.571
5669.162
5685.2866
5702.404
5721.639
5747.658
5763.658
5779.658
5796.7754
5817.391
5834.5083
5851.2715
5869.6562
5884.8877
5900.5083
5915.7397
5931.771
5951.796
5972.796
5991.901
6012.996
6033.0957
6049.3745
6070.3984
6085.4316
6100.465
6115.5977
6143.669
6165.8726
6189.9556
6209.0605
6226.323
6251.4033
6273.0366
6288.3335
6303.858
6320.887
6340.912
6362.912
6403.961
6424.1846
6439.4487
6462.794
6485.881
6502.0054
6523.1006
6542.2056
6567.2256
6586.3306
6604.4414
6619.4746
6639.698
6658.7246
6679.7246
6699.948
6717.4126
6732.5454
6750.6562
6768.684
6788.7837
6807.7837
6832.1147
6851.35
6876.089
6894.528
6911.992
6932.8726
6951.554
6971.201
6996.221
7012.2524
7041.3213
7058.584
7074.1084
7093.2134
7113.138
7129.417
7145.909
7164.5103
7182.2305
7198.2617
7213.3945
7230.038
7251.9697
7272.3657
7295.5605
7312.823
7330.2876
7347.317
7369.34
7389.4395
7405.7183
7421.997
7437.261
7453.0728
7469.104
7485.867
7501.6787
7523.056
7539.056
7563.139
7578.436
7599.8135
7616.843
7637.938
7653.071
7677.071
7693.563
7714.4434
7734.8394
7752.728
7775.289
7801.69
7821.003
7838.003
7863.498
7883.7466
7909.359
7930.454
7946.2656
7963.029
7992.862
8017.701
8033.98
8049.013
8069.629
8085.9077
8103.1704
8137.229
8158.4185
8178.667
8198.39
8217.416
8233.541
8249.666
8269.666
8289.691
8308.927
8326.954
8347.054
8365.164
8381.656
8399.656
8419.88
8436.968
8455.216
8473.243
8490.506
8513.31
8534.404
8558.11
8573.144
8599.449
8622.449
8641.476
8659.86
8684.067
8701.956
8726.796
8744.823
8767.184
8789.855
8813.709
8834.105
8853.419
8875.006
8894.241
8909.538
8928.643
8945.286
8969.638
8991.66
9022.466
9053.271
9076.293
9093.757
9115.298
9138.385
9158.41
9177.437
9193.716
9213.741
9234.356
9256.379
9280.462
9301.84
9327.138
9347.386
9363.417
9379.037
9396.154
9415.57
9435.369
9454.157
9473.471
9494.086
9512.768
9530.487
9551.368
9569.368
9594.388
9617.647
9641.417
9658.881
9680.468
9695.601
9711.632
9731.632
9753.835
9772.939
9800.143
9816.786
9837.667
9857.466
9878.867
9895.896
9911.708
9927.52
9954.594
9970.625
9991.24
10012.335
10032.435
10053.647
10078.667
10094.479
10109.512
10134.512
10153.193
10173.417
10189.542
10208.751
10228.064
10252.085
10276.437
10300.206
10317.897
10342.917
10358.441
10379.536
10397.029
10415.631
10432.274
10451.51
10477.587
10502.184
10517.995
10536.597
10554.954
10571.355
10602.597
10653.636
10688.65
10745.7295
10793.823
10859.199
10877.088
10899.179
10914.831
10956.0625
10978.198
10999.079
11021.011
11136.08
11155.054
11172.054
11188.333
11204.458
11221.546
11237.947
11269.728
11302.712
11320.517
11349.152
11371.106
11394.537
11416.56
11433.052
11452.468
11471.572
11487.225
11502.845
11518.401
11539.282
11555.313
11588.84
11604.965
11630.46
11653.806
11674.029
11700.278
11718.663
11736.663
11761.663
11777.475
11807.839
11825.102
11845.498
11862.962
11884.175
11900.818
11924.078
11948.776
11965.776
11983.468
12001.578
12017.578
12038.839
12057.278
12079.481
12095.883
12120.883
12142.837
12163.085
12180.89
12200.739
12221.3545
12240.459
12257.664
12276.769
12294.879
12314.192
12330.004
12345.269
12360.5
12377.5
12392.633
12409.186
12425.738
12445.962
12464.072
12485.096
12501.127
12520.362
12536.487
12554.515
12572.625
12591.86
12608.14
12624.265
12640.39
12656.421
12673.421
12698.119
12720.68
12737.709
12755.709
12775.709
12794.813
12814.049
12832.159
12853.999
12874.099
12893.125
12911.152
12931.252
12953.455
12974.07
12990.195
13012.286
13030.396
13052.487
13072.587
13096.607
13118.63
13139.653
13155.933
13183.735
13201.624
13227.797
13248.412
13266.852
13282.977
13301.334
13321.459
13337.951
13357.367
13373.859
13391.97
13408.249
13428.864
13448.864
13473.603
13493.728
13510.371
13536.448
13559.644
13580.856
13596.856
13617.447
13635.252
13651.283
13680.403
13699.639
13734.424
13751.888
13768.888
13794.186
13820.186
13843.011
13858.144
13875.144
13891.787
13909.897
13928.008
13943.532
13959.6875
13978.6875
13994.212
14010.491
14028.38
14045.497
14065.497
14081.652
14101.068
14116.201
14132.201
14151.228
14170.332
14191.332
14213.535
14241.695
14262.311
14277.835
14298.45
14323.53
14348.53
14364.81
14383.058
14410.517
14431.325
14455.677
14482.097
14502.222
14517.453
14535.48
14555.127
14576.127
14593.39
14612.363
14640.094
14657.587
14682.325
14702.916
14725.477
14749.014
14767.041
14785.041
14811.041
14840.452
14870.419
14895.117
14912.809
14939.209
14954.829
14982.989
15001.017
15021.017
15046.959
15065.959
15092.265
15109.984
15129.22
15146.249
15162.802
15179.919
15197.946
15223.908
15246.995
15268.208
15284.761
15303.2
15322.305
15350.606
15374.376
15391.02
15411.635
15426.899
15443.179
15465.851
15483.542
15510.708
15533.795
15558.975
15575.945
15591.242
15617.662
15637.461
15655.488
15680.227
15703.764
15728.783
15754.783
15777.587
15801.773
15827.851
15856.082
15884.718
15916.624
15947.769
15965.46
15980.691
16004.461
16023.696
16042.905
16063.929
16080.208
16108.439
16141.135
16157.26
16173.539
16190.031
16206.433
16226.656
16241.789
16262.404
16289.718
16314.798
16343.241
16362.109
16395.396
16505.291
16538.832
16569.848
16593.932
16610.932
16627.21
16645.016
16661.416
16677.541
16701.625
16724.098
16741.127
16766.682
16795.803
16812.295
16835.38
16864.535
16893.81
16929.166
16966.166
16987.707
17002.74
17021.74
17037.865
17061.06
17085.248
17106.271
17129.293
17152.14
17182.225
17202.473
17219.115
17234.926
17250.158
17268.047
17284.047
17305.26
17320.912
17348.207
17377.0
17403.076
17421.758
17440.36
17460.209
17477.326
17494.443
17512.135
17533.723
17549.533
17567.645
17583.77
17610.695
17627.695
17646.297
17670.297
17697.371
17724.574
17765.805
17795.805
18044.836
18062.527
18081.943
18127.164
18155.182
18175.578
18199.348
18236.021
18251.154
18269.182
18295.602
18317.805
18342.502
18365.062
18380.195
18397.66
18416.1
18432.742
18450.547
18468.352
18491.154
18513.98
18531.01
18547.98
18566.582
18584.387
18599.65
18617.678
18633.488
18650.252
18669.227
18684.36
18702.08
18720.87
18737.87
18757.719
18776.32
18792.6
18809.242
18824.506
18840.127
18859.363
18882.035
18901.758
18917.021
18936.438
18953.08
18968.89
18992.236
19013.045
19037.066
19054.096
19069.129
19093.17
19110.2
19136.275
19155.064
19172.094
19187.904
19205.37
19224.395
19241.395
19256.951
19281.467
19302.68
19327.86
19348.084
19367.32
19395.48
19410.744
19426.365
19446.98
19462.791
19479.82
19499.057
19518.473
19536.912
19559.385
19585.404
19601.56
19619.025
19636.025
19656.543
19673.186
19688.418
19713.973
19733.078
19761.38
19779.982
19797.787
19813.912
19835.936
19851.588
19869.08
19885.236
19913.521
19930.783
19950.908
19970.834
19985.967
20008.44
20028.365
20043.889
20066.91
20086.91
20109.271
20125.396
20148.482
20168.879
20186.371
20201.404
20217.805
20234.893
20250.025
20265.059
20281.215
20297.494
20316.6
20334.848
20354.848
20377.408
20393.408
20412.824
20432.824
20448.057
20467.293
20484.38
20501.38
20516.414
20531.447
20548.0
20564.28
20584.504
20605.6
20626.977
20646.623
20668.646
20689.86
20709.959
20727.986
20749.01
20774.97
20793.082
20810.2
20835.518
20852.547
20873.162
20890.883
20906.883
20923.525
20947.713
20967.512
20985.004
21004.316
21024.014
21039.666
21055.477
21070.74
21086.264
21105.37
21126.465
21145.57
21168.592
21192.361
21211.229
21229.256
21251.346
21275.367
21292.455
21312.68
21329.232
21355.48
21372.51
21392.36
21409.389
21424.422
21444.67
21473.13
21490.623
21509.598
21530.479
21554.248
21570.527
21592.55
21608.951
21624.475
21640.754
21671.77
21689.46
21707.9
21750.912
21772.312
21813.508
21835.87
21851.133
21869.16
21884.97
21901.523
21918.523
21945.982
21967.078
21984.078
22009.633
22032.719
22055.545
22073.545
22096.955
22126.11
22155.264
22177.4
22193.21
22212.627
22229.656
22245.18
22263.564
22314.26
22334.385
22567.426
22583.047
22600.252
22788.549
22804.17
22823.867
22845.799
22882.02
22901.045
22918.736
22944.055
22966.527
22982.559
23006.328
23036.16
23061.967
23081.203
23099.885
23116.914
23132.21
23147.832
23174.139
23196.611
23221.691
23241.816
23258.58
23276.045
23302.615
23328.248
23345.94
23364.297
23389.057
23409.305
23435.477
23451.602
23468.094
23487.33
23502.627
23519.12
23538.432
23554.557
23584.574
23602.602
23619.69
23634.723
23653.404
23669.057
23685.336
23704.441
23723.043
23738.664
23755.693
23779.463
23804.957
23820.768
23837.738
23853.36
23868.592
23885.592
23900.824
23916.95
23932.246
23950.273
23965.57
23982.658
23999.15
24015.275
24038.361
24060.564
24088.885
24112.295
24139.953
24160.178
24175.21
24203.672
24218.805
24237.486
24261.652
24282.748
24305.55
24327.688
24358.832
24383.912
24411.371
24430.607
24447.1
24464.305
24491.322
24507.447
24524.535
24544.76
24559.992
24577.797
24606.865
24626.178
24645.9
24664.69
24695.219
24713.658
24729.182
24758.336
24774.889
24795.113
24812.143
24829.23
24849.256
24869.652
24885.176
24911.117
24931.217
24956.297
24974.324
24993.43
25011.541
25033.564
25053.49
25072.49
25087.523
25103.648
25119.172
25134.436
25150.057
25172.86
25197.375
25214.139
25236.229
25255.229
25274.541
25292.98
25313.229
25331.34
25346.572
25361.705
25377.002
25392.234
25408.635
25424.914
25446.938
25465.186
25482.65
25502.65
25523.047
25541.158
25562.158
25583.746
25600.775
25620.191
25641.568
25661.668
25682.283
25703.871
25725.06
25745.676
25764.701
25786.633
25805.658
25828.744
25843.877
25860.37
25878.754
25897.86
25915.748
25931.271
25946.893
25972.387
26009.28
26029.129
26060.273
26089.887
26111.287
26127.318
26143.443
26162.125
26177.258
26193.414
26209.414
26224.71
26240.71
26257.973
26286.203
26316.203
26341.521
26364.717
26385.812
26409.812
26431.812
26447.465
26466.701
26489.787
26510.184
26528.21
26544.975
26561.006
26577.13
26610.146
26670.686
26693.707
26719.262
26741.734
26758.734
26776.455
26805.662
26835.209
26852.47
26901.969
26922.365
26952.73
26997.652
27016.334
27046.484
27065.459
27100.344
27132.547
27168.781
27194.275
27218.69
27235.09
27269.324
27290.42
27310.117
27328.984
27350.916
27370.332
27390.557
27405.59
27435.955
27465.955
27489.3
27519.367
27534.89
27557.363
27579.318
27600.2
27620.125
27637.154
27668.459
27701.11
27720.807
27737.086
27755.334
27774.75
27798.287
27827.441
27855.727
27883.887
27900.012
27927.525
27946.941
27965.053
27993.496
28022.65
28051.512
28075.553
28098.963
28116.05
28131.861
28147.385
28183.287
28208.307
28223.928
28247.014
28274.18
28297.027
28314.027
28329.838
28346.238
28362.88
28377.914
28394.07
28413.486
28437.816
28455.928
28530.955
28548.42
28615.428
28647.428
28677.842
28749.842
28792.889
28810.916
29012.812
29030.84
29060.857
29078.35
29116.363
29133.393
29152.182
29170.783
29187.783
29208.807
29236.592
29259.395
29276.656
29304.314
29326.338
29345.127
29361.62
29378.262
29393.883
29410.283
29429.596
29448.832
29466.037
29485.453
29501.264
29518.955
29536.16
29551.393
29567.793
29589.193
29610.453
29627.453
29646.69
29661.822
29678.91
29696.375
29717.256
29735.283
29751.44
29770.676
29787.676
29810.148
29826.428
29847.451
29866.557
29892.05
29917.545
29932.678
29950.143
29972.346
29997.664
30019.688
30038.713
30058.812
30081.812
30097.11
30118.322
30137.559
30153.082
30170.111
30186.268
30212.344
30231.99
30254.193
30270.225
30285.521
30313.682
30332.121
30348.4
30372.588
30391.693
30411.793
30433.17
30449.934
30465.965
30481.098
30497.223
30512.844
30533.725
30556.81
30577.691
30593.816
30614.84
30631.928
30650.176
30670.275
30686.555
30704.02
30719.316
30735.348
30753.705
30774.297
30798.066
30817.066
30837.092
30855.092
30879.092
30903.443
30925.533
30945.18
30967.541
30991.729
31006.861
31025.967
31049.988
31068.67
31085.162
31100.295
31119.295
31137.322
31158.346
31184.307
31202.334
31223.143
31253.11
31282.723
31299.84
31319.486
31338.486
31354.766
31370.89
31386.154
31405.39
31428.477
31446.725
31468.266
31492.035
31511.035
31528.297
31545.414
31564.52
31583.52
31602.52
31622.217
31638.342
31661.688
31683.71
31707.898
31727.135
31752.453
31770.174
31798.352
31814.162
31830.441
31850.467
31865.6
31880.633
31900.658
31918.686
31939.082
31970.322
31990.045
32006.17
32021.467
32044.139
32068.139
32090.162
32121.21
32147.895
32171.664
32199.322
32226.98
32242.277
32260.305
32288.465
32309.56
32328.666
32348.766
32366.766
32383.883
32402.908
32424.998
32448.193
32475.36
32502.434
32528.434
32554.74
32578.824
32602.908
32626.104
32649.19
32669.215
32689.44
32710.652
32731.676
32752.7
32772.7
32794.79
32816.004
32837.004
32863.176
32894.75
32925.344
32953.004
32975.207
32997.68
33019.77
33039.87
33055.996
33072.758
33094.137
33111.6
33130.04
33154.555
33181.63
33210.785
33241.05
33272.832
33298.543
33324.543
33351.746
33373.285
33391.004
33409.03
33426.062
33455.062
33478.6
33507.67
33524.703
33544.35
33576.367
33611.88
33637.688
33669.07
33691.004
33718.465
33744.176
33764.793
33788.223
33818.37
33844.773
33860.805
33882.39
33902.316
33922.71
33938.836
33955.867
33972.63
34014.355
34029.586
34045.71
34061.836
34082.86
34100.746
34117.863
34141.883
34160.883
34176.535
34197.535
34216.77
34232.926
34251.035
34267.59
34283.402
34347.598
34374.28
34390.312
34406.957
34436.57
34457.76
34473.887
34493.734
34509.547
34525.95
34543.152
34558.383
34575.414
34597.504
34614.766
34635.98
34655.008
34671.285
34692.664
34714.664
34736.043
34751.08
34766.21
34781.44
34797.566
34819.59
34846.59
34868.793
34886.82
34912.53
34942.363
34961.598
34982.215
34998.34
35014.832
35029.965
35046.09
35061.613
35079.64
35100.734
35120.758
35142.848
35162.848
35184.434
35204.36
35219.492
35235.305
35250.535
35269.77
35288.13
35306.73
35327.992
35345.797
35363.6
35381.99
35397.254
35416.67
35431.97
35447.2
35462.82
35485.82
35501.945
35525.965
35553.133
35574.227
35593.46
35610.46
35629.46
35652.656
35680.676
35695.81
35713.273
35728.926
35749.32
35768.11
35792.848
35809.938
35829.586
35851.426
35867.24
35883.73
35900.73
35916.543
35932.066
35950.176
35965.83
35981.45
36001.098
36018.59
36042.758
36063.78
36081.246
36097.06
36113.09
36130.555
36147.11
36166.91
36182.723
36203.117
36222.09
36243.28
36263.9
36282.926
36302.773
36324.91
36340.434
36361.65
36379.453
36397.17
36419.17
36439.42
36456.066
36472.098
36490.535
36507.535
36523.06
36543.676
36559.832
36575.645
36592.047
36610.65
36627.14
36643.633
36658.766
36676.258
36695.47
36715.72
36736.336
36753.098
36769.86
36789.86
36806.016
36822.293
36837.426
36852.46
36869.492
36884.758
36900.38
36917.64
36937.863
36960.863
36976.895
36996.996
37019.355
37035.355
37053.793
37075.996
37099.19
37118.84
37133.875
37157.22
37177.242
37194.96
37212.96
37230.99
37247.02
37262.832
37278.355
37294.91
37312.797
37332.92
37353.54
37371.566
37389.453
37410.07
37428.457
37446.26
37461.492
37480.727
37502.312
37518.438
37540.277
37559.383
37577.82
37600.82
37625.82
37644.258
37659.39
37680.414
37696.227
37713.195
37729.008
37744.53
37759.664
37774.96
37801.793
37823.816
37841.535
37858.797
37873.93
37899.95
37918.06
37934.55
37949.586
37965.4
37982.043
37999.074
38014.11
38029.73
38051.82
38070.82
38089.07
38107.508
38126.535
38145.77
38163.03
38182.03
38200.28
38218.28
38236.72
38257.113
38276.22
38294.656
38316.68
38340.45
38356.45
38374.477
38393.156
38416.695
38431.73
38449.84
38467.95
38486.06
38506.28
38523.28
38543.504
38562.61
38582.71
38600.96
38615.996
38636.098
38655.203
38673.453
38693.453
38713.555
38730.816
38756.99
38777.01
38794.01
38815.035
38833.145
38854.168
38873.195
38893.22
38911.33
38930.562
38947.562
38968.562
38985.824
39004.93
39022.93
39048.008
39066.008
39086.008
39102.04
39124.062
39142.062
39157.098
39172.33
39188.605
39206.633
39223.277
39239.555
39256.586
39280.125
39306.145
39321.668
39341.516
39357.793
39373.918
39390.195
39406.008
39425.32
39444.348
39465.37
39482.49
39501.594
39518.71
39536.74
39557.76
39576.01
39598.1
39616.13
39637.152
39656.258
39674.258
39692.367
39712.39
39731.418
39750.445
39770.47
39785.992
39804.02
39820.297
39843.383
39863.484
39892.64
39911.64
39930.875
39951.97
39972.07
39995.07
40015.465
40034.57
40057.57
40084.59
40103.617
40122.645
40143.74
40166.098
40183.13
40203.152
40227.17
40244.203
40265.227
40283.227
40303.25
40321.277
40341.38
40362.402
40379.402
40398.508
40414.785
40432.812
40449.93
40466.96
40488.055
40503.58
40519.39
40536.39
40552.043
40568.32
40588.715
40609.715
40633.797
40656.156
40672.28
40688.56
40705.82
40722.098
40738.59
40758.613
40773.746
40789.746
40807.008
40823.5
40841.527
40858.082
40877.082
40896.11
40916.11
40934.36
40950.39
40971.977
40992.977
41009.977
41025.977
41047.977
41064.008
41085.008
41104.035
41124.137
41140.168
41161.19
41181.19
41200.297
41215.82
41238.023
41259.023
41278.13
41302.13
41317.164
41334.28
41356.12
41372.152
41394.086
41410.21
41427.93
41449.145
41467.53
41487.555
41506.973
41524.234
41542.914
41563.53
41582.766
41598.58
41624.83
41641.83
41662.92
41681.92
41698.953
41717.98
41738.004
41758.105
41774.137
41792.164
41816.184
41836.207
41856.23
41874.258
41889.91
41905.562
41922.324
41939.355
41956.0
41972.555
41990.992
42016.31
42036.31
42055.414
42070.547
42091.76
42106.895
42124.156
42139.71
42158.15
42173.96
42190.96
42208.68
42230.883
42252.906
42271.934
42289.96
42308.99
42326.25
42345.277
42366.492
42383.957
42405.05
42431.05
42450.08
42475.098
42491.13
42512.223
42530.25
42550.473
42568.91
42590.75
42607.242
42629.266
42650.145
42670.07
42690.465
42709.57
42729.594
42747.06
42762.19
42779.31
42800.895
42816.125
42833.33
42850.793
42872.055
42889.94
42908.81
42929.06
42947.418
42977.945
42994.223
43009.453
43026.008
43042.285
43060.312
43086.79
43103.344
43123.367
43145.207
43167.77
43182.902
43204.926
43221.418
43241.812
43263.902
43281.02
43301.242
43317.242
43342.32
43367.5
43388.715
43405.746
43421.87
43437.684
43452.914
43470.72
43487.98
43505.098
43520.395
43539.63
43555.63
43572.12
43587.934
43605.4
43625.047
43641.81
43659.273
43676.992
43693.992
43710.395
43730.395
43746.95
43769.31
43784.44
43805.465
43826.938
43848.96
43866.08
43888.883
43906.145
43925.38
43950.56
43967.05
43989.14
44010.355
44032.445
44069.78
44091.78
44110.78
44127.78
44148.875
44165.367
44180.664
44198.383
44220.855
44241.88
44258.004
44274.496
44302.39
44320.418
44336.23
44351.363
44367.395
44384.887
44403.49
44418.72
44439.72
44459.418
44478.652
44495.914
44517.453
44535.812
44554.062
44573.785
44589.94
44607.746
44625.008
44643.258
44661.367
44683.93
44700.055
44724.754
44743.86
44761.324
44780.43
44799.11
44819.332
44841.805
44862.42
44887.5
44903.5
44921.19
44937.348
44956.582
44978.72
45000.305
45021.777
45042.8
45062.113
45080.793
45100.918
45119.89
45136.89
45153.047
45170.08
45185.21
45208.98
45228.906
45245.996
45262.758
45282.406
45298.684
45315.33
45333.438
45349.992
45367.797
45385.26
45402.727
45418.758
45438.758
45456.785
45471.82
45489.54
45506.8
45524.91
45547.996
45570.086
45588.766
45603.8
45621.266
45637.758
45656.008
45674.008
45697.094
45716.51
45735.746
45754.773
45773.746
45795.68
45815.098
45840.176
45859.203
45883.72
45903.645
45927.055
45947.645
45966.855
45991.855
46009.117
46043.25
46059.527
46078.633
46096.35
46112.63
46135.434
46155.133
46173.383
46192.594
46209.797
46229.9
46248.15
46265.24
46284.887
46303.914
46320.945
46339.055
46356.316
46373.348
46390.812
46406.11
46424.22
46443.324
46462.56
46478.21
46494.023
46509.156
46527.594
46548.617
46564.65
46589.965
46613.965
46629.49
46654.984
46683.984
46715.56
46741.81
46775.05
46801.977
46824.066
46850.086
46871.67
46888.703
46912.113
46930.98
46947.383
46970.793
46989.9
47005.42
47025.645
47040.68
47061.87
47084.676
47108.383
47133.88
47158.9
47181.258
47210.87
47237.043
47263.062
47286.086
47305.32
47325.543
47348.348
47370.438
47393.977
47416.336
47437.92
47456.92
47474.04
47491.04
47508.758
47533.938
47568.17
47600.188
47627.48
47653.73
47675.57
47698.133
47722.65
47747.348
47767.965
47786.215
47805.45
47822.45
47838.48
47859.86
47882.062
47901.09
47916.125
47932.156
47950.266
47971.29
47994.484
48019.484
48039.707
48055.707
48072.707
48093.324
48119.402
48143.484
48168.664
48186.13
48205.363
48227.723
48255.617
48283.637
48307.176
48324.64
48344.64
48365.664
48384.664
48407.137
48433.387
48458.883
48478.117
48499.117
48526.137
48555.41
48580.15
48603.492
48627.68
48655.14
48693.973
48714.223
48729.52
48758.535
48783.05
48803.074
48830.242
48859.4
48888.414
48915.434
48939.62
48960.62
48983.184
49010.844
49034.188
49060.36
49092.42
49118.42
49148.254
49170.188
49190.41
49219.566
49250.63
49266.28
49285.594
49303.703
49333.434
49364.754
49385.848
49415.547
49430.68
49446.492
49461.625
49478.625
49495.887
49513.004
49532.03
49555.227
49575.45
49600.47
49615.504
49636.527
49652.527
49667.824
49682.86
49700.664
49727.59
49749.176
49768.28
49784.312
49801.574
49816.805
49832.96
49855.32
49870.617
49890.72
49916.89
49932.92
49950.95
49967.074
49984.074
50001.074
50020.797
50044.207
50067.03
50083.156
50117.39
50133.39
50157.906
50181.613
50202.203
50229.13
50248.34
50271.75
50293.953
50470.297
50494.484
50511.95
50563.426
50580.89
50632.31
50659.97
50675.78
50690.816
50706.848
50813.523
50853.637
50870.668
50889.668
50906.223
50921.49
50937.645
50954.676
50971.676
50988.645
51003.875
51040.22
51066.848
51081.883
51101.117
51127.117
51149.117
51167.145
51189.617
51207.645
51223.457
51240.457
51256.457
51274.484
51291.484
51307.76
51324.04
51339.336
51358.363
51376.082
51391.734
51408.01
51424.137
51440.63
51470.36
51485.625
51504.305
51519.926
51538.605
51554.883
51577.555
51605.574
51622.605
51639.605
51655.73
51671.543
51689.234
51711.188
51731.188
51750.5
51766.5
51787.117
51808.59
51824.59
51841.35
51857.508
51872.64
51888.766
51905.797
51925.11
51954.656
51981.582
52000.37
52016.023
52037.977
52063.688
52088.445
52106.25
52128.34
52147.34
52173.91
52195.004
52214.703
52234.703
52252.395
52277.395
52293.426
52316.62
52335.65
52354.62
52369.754
52397.266
52413.543
52432.777
52452.625
52468.277
52485.77
52502.047
52518.324
52534.137
52555.16
52572.277
52591.277
52613.367
52629.4
52647.426
52664.426
52682.863
52701.97
52718.97
52736.17
52751.824
52768.1
52784.1
52799.367
52815.02
52834.047
52855.047
52873.047
52892.074
52911.1
52926.137
52944.164
52964.266
52985.36
53002.39
53017.426
53034.688
53056.89
53076.914
53091.95
53109.977
53128.004
53146.03
53168.88
53192.586
53209.617
53230.71
53247.203
53273.832
53302.625
54298.176
55340.78
55401.78
55429.85
55464.566
55483.594
55503.44
55519.062
55539.285
55556.547
55574.574
55597.137
55616.242
55634.492
55651.492
55669.52
55685.332
55700.984
55720.01
55741.203
55761.82
56843.562
57925.72
57947.742
57964.773
57981.89
58003.477
58019.29
58046.582
58069.84
58089.258
58107.285
58126.312
58142.344
58158.47
58173.766
58189.797
58205.953
58221.086
58239.688
58257.715
58273.527
58291.02
58306.67
58321.707
58336.84
58352.652
58368.465
58400.746
58433.06
58453.58
58470.61
58487.37
58503.65
58525.027
58540.062
58560.285
58580.31
58597.31
58627.574
58662.914
58686.11
58708.312
58731.137
58752.4
58782.082
58805.406
58823.766
58840.97
58862.23
58881.336
58899.586
58918.023
58946.043
58970.043
58994.062
59024.13
59043.777
59106.84
59140.082
59159.883
59180.977
59204.32
59229.816
59250.434
59303.895
59321.92
59343.016
59385.312
59443.836
59521.895
59538.17
59557.484
59574.574
59592.96
59611.64
59628.844
59648.156
59663.19
59682.84
59704.22
59719.484
59740.863
59759.543
59779.266
59808.13
59827.34
59866.24
59884.125
59905.004
59933.797
59950.29
59968.89
59987.68
60005.93
60029.016
60045.293
60065.094
60087.184
60102.316
60120.035
60140.43
60159.848
60177.34
60194.37
60222.812
60320.94
60338.97
60374.87
60392.758
60408.312
60423.58
60441.965
60494.89
60530.625
62095.336
63501.02
63520.23
63559.23
63584.23
63600.508
63632.414
63651.65
63681.18
63698.67
63715.64
63734.08
63750.355
63766.168
63784.957
63802.65
63822.574
63844.113
63863.96
63885.984
63905.195
63922.285
63941.52
63973.14
63991.168
64008.37
64023.926
64049.887
64073.297
64093.098
64113.617
64133.867
64154.676
64181.36
64206.098
64234.33
64262.79
64289.04
64318.11
64344.28
64361.37
64377.023
64399.383
64423.09
64447.93
64468.18
64490.984
64514.33
64531.36
64547.76
64567.562
64586.0
64602.402
64620.207
64642.68
64668.176
64687.387
64703.664
64721.47
64741.27
64761.52
64778.52
64794.676
64816.88
64833.848
64851.875
64870.234
64886.047
64906.855
64929.215
64965.438
65001.78
65035.99
65070.164
65086.32
65118.15
65149.77
65168.207
65184.76
65224.32
65251.395
65286.41
65307.504
65324.504
65352.79
65368.41
65386.77
65403.8
65422.188
65443.566
65464.184
65480.676
65503.87
65520.87
65537.875
65555.984
65581.01
65599.26
65616.52
65631.555
65650.87
65678.45
65701.016
65716.15
65741.445
65759.14
65783.23
65800.26
65824.28
65842.28
65862.38
65878.38
65894.664
65910.79
65927.28
65942.414
65957.94
65977.04
65999.04
66019.06
66035.19
66054.21
66072.21
66090.21
66108.21
66128.234
66145.35
66161.75
66177.875
66193.11
66208.14
66224.91
66249.97
66267.97
66287.97
66306.97
66325.97
66347.06
66365.09
66387.3
66407.3
66422.59
66438.875
66459.27
66478.51
66500.6
66521.625
66539.086
66560.3
66578.98
66594.11
66611.195
66628.46
66645.016
66660.31
66676.805
66692.1
66715.125
66730.39
66757.07
66773.836
66789.36
66806.36
66825.15
66847.35
66874.26
66890.66
66907.74
66929.836
66951.836
66974.86
67000.94
67017.94
67036.96
67059.09
67079.195
67100.29
67120.31
67138.56
67155.83
67180.83
67202.85
67234.87
67252.9
67275.9
67293.016
67308.83
67325.8
67349.836
67370.06
67391.695
67417.66
67441.0
67469.164
67486.86
67505.11
67529.44
67549.46
67576.625
67596.04
67622.34
67638.836
67663.836
67679.96
67695.77
67715.42
67730.45
67747.72
67764.75
67781.39
67797.01
67813.29
67828.52
67847.734
67867.984
67883.016
67899.14
67916.34
67931.58
67950.18
67972.65
67994.02
68012.27
68034.74
68052.77
68070.88
68095.625
68115.04
68133.83
68158.664
68177.9
68194.984
68210.016
68235.65
68263.83
68283.85
68303.875
68340.09
68368.26
68385.72
68404.08
68419.34
68446.36
68461.88
68477.016
68496.43
68526.8
68548.01
68580.21
68599.445
68617.445
68648.59
68666.98
68682.01
68702.11
68717.24
68735.05
68757.516
68775.41
68791.06
68806.33
68822.88
68838.12
68860.48
68878.914
68897.516
68913.64
68931.1
68946.72
68964.75
68980.27
68997.48
69012.74
69028.01
69043.82
69060.94
69077.09
69092.91
69111.88
69133.09
69149.25
69166.28
69183.31
69199.805
69217.836
69233.65
69249.93
69274.09
69290.22
69312.42
69342.836
69364.47
69381.555
69400.766
69424.54
69446.9
69465.01
69487.03
69506.266
69526.664
69546.89
69566.914
69586.61
69607.7
69624.97
69655.984
69677.36
69697.76
69714.52
69730.05
69752.07
69772.3
69790.55
69805.68
69822.88
69842.53
69869.84
69891.87
69914.23
69947.24
69965.35
69989.125
70017.57
70043.82
70064.84
70084.84
70102.734
70119.85
70137.88
71957.67
73773.43
73798.17
73989.69
74033.555
74061.016
74076.67
74250.74
74277.81
74302.99
74336.055
74353.86
74391.71
74439.805
74461.65
74500.59
74517.59
74536.83
74567.24
74591.94
74610.375
74679.44
74719.25
74760.266
74780.37
74796.49
74821.57
74837.23
74853.51
74869.125
74889.125
74906.586
74936.0
74951.62
74975.64
74994.85
75013.234
75030.266
75058.43
75085.336
75101.46
75116.49
75142.3
75176.25
75208.31
75231.51
75259.02
75285.59
75306.48
75326.7
75349.73
75375.22
75399.81
75424.875
75445.1
75469.19
75484.74
75504.664
75530.97
75546.625
75563.66
75579.18
75603.266
75630.43
75652.43
75672.45
75691.87
75709.33
75725.73
75742.99
75764.2
75786.13
75805.234
75825.234
75851.805
75878.375
75910.33
75926.73
75954.46
75980.46
76000.484
76016.516
76034.95
76051.08
76079.15
76103.19
76123.11
76139.875
76162.96
76187.984
76205.016
76225.04
76245.266
76266.29
76284.32
76300.48
76317.94
76334.06
76349.3
76365.11
76392.04
76409.07
76430.164
76446.29
76465.29
76484.31
76501.31
76521.336
76536.47
76552.5
76567.63
76584.63
76606.66
76633.95
76651.984
76671.4
76690.81
76709.914
76729.914
76746.195
76767.83
76785.86
76802.35
76817.62
76833.234
76854.445
76874.55
76894.67
76910.484
76931.58
76951.68
76972.68
76992.6
77012.6
77028.73
77046.836
77067.45
77088.64
77107.95
77125.22
77146.41
77169.21
77187.46
77209.305
77229.92
77253.266
77271.625
77286.76
77305.86
77323.86
77340.35
77358.05
77374.05
77392.16
77416.57
77436.82
77463.22
77478.875
77506.53
77529.875
77550.9
77585.83
77605.06
77633.51
77652.92
77668.58
77690.78
77727.89
77746.27
77781.33
77799.93
77832.21
77878.74
77908.58
77934.07
77960.15
77984.234
78010.31
78042.45
78085.64
78101.92
78119.38
78135.38
78154.17
78171.98
78192.98
78219.99
78248.01
78276.17
78300.5
78322.86
78349.54
78377.54
78405.82
78431.78
78454.14
78483.16
78515.41
78546.984
78575.0
78591.03
78607.19
78622.22
78638.375
78672.21
78705.945
78728.15
78765.02
78805.19
78843.48
78867.08
78883.72
78908.96
78927.75
78948.37
78963.4
78990.695
79017.0
79037.23
79057.625
79073.15
79101.31
79129.33
79153.516
79171.55
79191.77
79211.9
79237.14
79262.14
79280.5
79298.75
79319.77
79334.805
79352.07
79368.1
79387.125
79411.45
79426.484
79443.75
79461.016
79477.57
79501.11
79525.46
79553.91
79571.91
79595.99
79612.12
79630.91
79646.72
79663.36
79678.98
79694.59
79710.41
79728.84
79750.1
79765.72
79782.72
79826.01
79841.27
79859.305
79875.336
79891.46
80097.58
80295.83
80359.11
80382.45
80409.66
80435.83
80463.56
80481.81
80501.02
80517.15
80538.62
80563.375
80584.47
80607.3
80660.07
80680.32
80699.53
80746.54
80773.11
80797.44
80814.64
80831.61
80849.99
80868.97
80884.266
80902.3
80925.125
80946.15
80965.125
80981.68
81000.66
81018.12
81033.38
81052.8
81072.65
81089.914
81116.914
81141.266
81159.945
81181.97
81198.125
81216.375
81240.4
81256.89
81274.16
81295.25
81320.01
81339.805
81361.39
81384.93
81402.82
81420.85
81438.31
81454.805
81469.94
81490.336
81513.42
81534.516
81550.64
81565.67
81580.7
81601.73
81621.14
81640.375
81657.41
81673.9
81691.93
81708.42
81724.98
81744.08
81760.08
81782.17
81798.2
81816.31
81833.43
81854.45
81869.484
81891.484
81906.62
81924.73
81943.11
81959.11
81976.375
81991.9
82008.93
82025.21
82042.33
82063.54
82093.555
82110.82
82130.84
82163.09
82180.555
82197.82
82214.85
82234.77
82251.266
82273.29
82289.84
82309.87
82329.87
82347.67
82371.21
82388.33
82407.54
82433.62
82449.74
82466.83
82481.86
82500.88
82519.32
82536.35
82559.89
82575.19
82598.03
82616.82
82632.63
82650.09
82668.09
82685.36
82701.64
82719.1
82737.13
82753.13
82768.66
82784.31
82799.93
82820.055
82836.82
82852.82
82867.95
82882.984
82901.016
82920.25
82939.35
82961.35
82987.37
83007.39
83023.42
83038.555
83058.555
83083.63
83101.35
83116.586
83138.68
83162.766
83182.99
83202.914
83218.914
83243.24
83264.125
83281.16
83301.75
83322.37
83338.65
83357.67
83372.97
83390.234
83408.266
83425.53
83442.02
83457.32
83474.32
83493.0
83511.68
83533.77
83549.04
83567.07
83588.07
83604.07
83619.1
83634.13
83649.164
83668.03
83686.06
83701.68
83717.805
83734.836
83751.836
83770.086
83785.12
83806.21
83827.68
83843.805
83860.92
83875.95
83895.055
83913.734
83929.55
83945.2
83966.23
83987.414
84012.49
84032.22
84049.484
84068.27
84093.35
84111.38
84135.47
84167.72
84184.72
84203.74
84227.086
84246.32
84264.04
84279.27
84294.83
84316.016
84331.31
84349.695
84374.29
84389.84
84407.56
84431.266
84452.805
84469.086
84489.7
84506.97
84525.65
84552.22
84577.28
84595.64
84613.336
84630.336
84654.11
84675.65
84695.5
84713.22
84733.445
84749.1
84772.42
84794.555
84827.8
84844.88
84865.11
84892.31
84908.44
84923.96
84942.56
84960.28
84975.58
84993.69
85009.72
85027.414
85048.01
85063.53
85084.125
85108.87
85129.12
85146.836
85163.12
85178.25
85203.86
85230.484
85255.18
85272.18
85287.445
85304.0
85320.16
85335.39
85354.18
85377.72
85397.97
85418.56
85436.28
85453.74
85470.74
85491.766
85513.79
85532.58
85548.7
85565.26
85584.95
85606.91
85629.75
85648.19
85673.68
85689.234
85704.76
85721.31
85737.805
85755.3
85777.66
85801.195
85816.46
85835.06
85858.41
85874.53
85900.49
85917.984
85943.59
85962.46
85990.24
86006.88
86024.99
86046.016
86069.336
86088.984
86108.4
86124.52
86139.76
86157.56
86180.65
86198.14
86218.76
86239.35
86258.766
86275.8
86297.17
86315.53
86337.07
86359.2
86386.984
86402.8
86418.414
86439.03
86458.03
86480.234
86501.234
86525.234
86545.85
86565.875
86585.9
86603.9
86626.9
86644.93
86669.12
86689.734
86705.86
86723.89
86741.16
86761.555
86778.82
86802.164
86824.52
86839.66
86859.88
86878.32
86895.086
86910.61
86926.23
86942.35
86961.586
86977.11
86999.67
87016.164
87034.84
87057.41
87074.49
87090.016
87107.28
87122.58
87139.695
87154.99
87171.55
87187.945
87205.836
87224.81
87243.79
87260.555
87281.58
87300.6
87320.016
87346.945
87369.04
87394.75
87413.19
87434.56
87451.59
87470.27
87489.92
87507.04
87523.32
87542.42
87559.54
87577.03
87597.43
87620.836
87639.94
87664.266
87689.56
87708.8
87727.82
87747.055
87762.58
87780.83
87798.03
87815.06
87830.195
87851.664
87870.05
87890.05
87906.17
87925.27
87945.125
87961.25
87980.46
88000.31
88019.55
88035.164
88056.375
88075.24
88091.52
88110.2
88125.234
88145.26
88167.62
88183.65
88200.766
88225.28
88243.39
88260.85
88282.23
88299.26
88317.29
88338.664
88356.914
88376.33
88392.61
88407.64
88427.87
88443.9
88464.15
88482.26
88500.51
88515.54
88531.94
88547.2
88565.234
88580.76
88596.28
88613.28
88628.805
88647.91
88666.016
88681.05
88696.18
88717.2
88732.234
88751.336
88774.53
88791.086
88806.61
88824.07
88841.07
88864.84
88880.875
88899.9
88919.0
88938.02
88956.055
88974.055
88993.08
89013.305
89032.33
89054.53
89073.63
89093.66
89112.66
89131.76
89151.76
89169.79
89188.79
89211.15
89228.266
89246.7
89265.73
89286.125
89305.36
89324.59
89340.875
89364.414
89382.52
89400.555
89420.58
89438.58
89459.67
89476.94
89496.17
89517.266
89536.29
89559.29
89576.41
89592.44
89610.47
89631.47
89650.57
89668.57
89687.59
89706.59
89726.695
89743.96
89764.984
89781.984
89800.984
89821.984
89839.016
89855.3
89871.42
89886.555
89903.11
89920.805
89936.836
89953.836
89975.05
89994.07
90012.07
90027.37
90043.766
90058.8
90075.8
90091.06
90472.12
90845.18
91216.89
91588.56
91608.96
91631.984
91650.234
91671.26
91691.28
91720.28
91744.305
91759.6
91774.63
91793.734
91815.94
91833.94
91849.97
91866.97
91886.97
91907.07
91925.07
91945.07
91964.09
91986.12
92004.12
92021.15
92044.69
92070.7
92088.164
92104.195
92120.836
92141.836
92160.94
92183.3
92200.33
92219.35
92238.45
92255.484
92275.71
92295.734
92312.23
92330.26
92349.28
92369.305
92386.42
92406.65
92424.9
92442.93
92459.93
92475.93
92490.96
92508.96
92530.055
92551.15
92569.18
92587.21
92606.234
92623.266
92643.37
92659.37
92675.37
92693.805
92708.836
92724.99
92740.61
92760.61
92776.734
92792.26
92808.54
92824.82
92846.01
92867.38
92882.68
92902.09
92917.39
92940.195
92955.23
92971.72
92988.484
93004.516
93022.9
93039.055
93054.67
93072.7
93090.7
93115.88
93134.88
93152.0
93172.02
93189.02
93208.05
93226.16
93248.16
93271.35
93287.35
93308.445
93327.125
93346.125
93364.234
93384.234
93403.47
93421.58
93444.664
93463.664
93485.76
93503.79
93523.79
93540.82
93562.195
93577.43
93600.516
93619.83
93638.08
93653.695
93673.62
93692.41
93707.67
93724.94
93744.17
93762.28
93780.96
93801.58
93819.96
93837.45
93853.61
93868.64
93886.67
93904.67
93924.9
93943.92
93962.945
93982.97
94001.0
94019.0
94035.03
94054.055
94074.055
94092.164
94111.19
94130.19
94149.21
94168.21
94187.234
94205.266
94221.664
94237.48
94255.195
94271.01
94287.04
94307.44
94334.45
94353.87
94371.9
94389.93
94404.96
94421.086
94437.37
94455.4
94473.09
94490.125
94505.94
94521.46
94538.58
94553.81
94570.84
94592.94
94616.13
94634.57
94649.87
94666.984
94684.016
94707.04
94723.07
94738.37
94762.37
94778.37
94798.39
94819.414
94840.625
94862.21
94883.305
94908.484
94928.51
94947.61
94966.61
94985.71
95005.734
95024.734
95042.766
95059.88
95078.91
95099.79
95121.164
95142.05
95163.42
95180.54
95203.625
95220.89
95242.984
95260.1
95280.72
95303.805
95321.266
95339.65
95356.65
95372.17
95395.516
95416.11
95433.23
95455.25
95473.25
95492.9
95513.92
95542.94
95565.07
95581.35
95601.75
95619.78
95640.99
95658.99
95677.02
95698.234
95717.26
95733.38
95750.38
95765.68
95781.805
95797.07
95813.71
95830.48
95846.63
95863.72
95882.1
95901.08
95919.46
95936.55
95954.93
95972.016
95988.016
96007.25
96024.74
96040.3
96060.4
96081.42
96098.54
96120.63
96137.664
96155.77
96173.805
96195.18
96214.18
96232.29
96252.31
96272.414
96289.68
96304.81
96322.92
96340.92
96362.016
96380.016
96401.016
96420.12
96444.2
96466.766
96485.555
96507.555
96533.63
96553.734
96577.76
96597.86
96615.125
96639.15
96669.3
96691.86
96708.14
96728.24
96744.37
96759.4
96788.6
96805.0
96824.21
96839.87
96856.42
96875.21
96893.81
96911.08
96931.305
96952.516
96971.75
96990.19
97009.29
97026.055
97044.164
97059.195
97075.23
97098.03
97115.06
97137.06
97155.09
97177.19
97196.6
97216.7
97235.73
97253.19
97270.22
97288.33
97304.61
97329.63
97348.87
97364.39
97385.484
97405.51
97422.54
97440.57
97455.7
97471.984
97488.266
97506.945
97523.34
97539.625
97561.65
97577.77
97595.04
97614.14
97630.63
97657.31
97676.414
97698.98
97714.01
97729.82
97744.95
97759.984
97775.22
97791.34
97806.58
97825.68
97847.77
97867.8
97882.93
97899.086
97919.11
97939.13
97959.234
97979.46
97997.71
98016.734
98036.836
98054.3
98069.43
98089.53
98107.56
98126.56
98146.79
98167.19
98185.3
98202.33
98219.33
98240.42
98257.45
98277.48
98297.48
98316.48
98349.234
98365.36
98384.38
98404.61
98421.64
98442.664
98459.16
98479.26
98499.66
98517.69
98534.72
98550.75
98567.75
98582.78
98601.76
98616.79
98634.055
98656.08
98681.57
98698.6
98721.945
98743.875
98763.52
98781.63
98798.664
98818.664
98839.69
98861.06
98876.3
98894.33
98911.79
98927.82
98944.586
98964.836
98982.945
98999.07
99017.1
99042.18
99057.21
99074.33
99091.36
99108.48
99124.6
99142.06
99158.34
99173.375
99191.41
99210.195
99229.3
99247.41
99267.41
99283.41
99298.44
99313.47
99333.57
99348.87
99367.47
99382.766
99399.88
99416.65
99432.77
99448.586
99463.88
99479.88
99495.41
99510.64
99527.04
99542.305
99557.44
99573.47
99590.02
99606.58
99622.1
99638.23
99654.72
99676.12
99694.555
99720.05
99735.664
99752.664
99769.695
99784.96
99801.93
99818.086
99837.4
99853.8
99869.06
99884.586
99900.87
99926.945
99943.44
99961.8
99980.77
99999.45
100018.766
100036.8
100055.16
100071.28
100087.31
100103.47
100120.67
100135.94
100152.94
100171.73
100187.54
100214.375
100230.03
100257.34
100274.43
100297.45
100312.98
100328.11
100344.234
100360.05
100375.7
100391.23
100412.25
100430.5
100451.59
100469.31
100489.234
100510.7
100530.4
100551.28
100569.17
100596.375
100614.734
100637.93
100659.4
100677.43
100695.15
100715.27
100733.66
100752.04
100771.96
100798.64
100818.89
100836.09
100855.79
100873.51
100895.44
100912.44
100934.28
100949.805
100967.266
100985.3
101000.95
101016.61
101031.84
101046.875
101064.984
101084.3
101102.016
101125.72
101141.375
101160.79
101176.31
101196.56
101215.35
101236.54
101253.805
101271.836
101289.87
101305.99
101323.71
101348.734
101366.766
101388.61
101404.89
101424.89
101444.99
101463.1
101486.3
101502.58
101518.1
101535.13
101555.53
101571.66
101586.69
101604.72
101624.37
101645.18
101664.49
101683.91
101701.94
101724.74
101743.53
101760.62
101780.31
101801.125
101819.51
101835.06
101863.3
101880.38
101898.49
101915.52
101933.96
101949.62
101965.14
101980.17
102003.6
102022.914
102050.12
102068.01
102085.9
102103.62
102120.17
102141.36
102158.445
102174.84
102191.24
102207.52
102223.805
102240.3
102257.5
102273.99
102293.99
102312.02
102332.15
102347.805
102369.27
102387.164
102405.52
102425.77
102443.664
102462.875
102478.01
102496.04
102515.27
102538.68
102556.71
102578.34
102593.61
102614.23
102633.44
102650.41
102671.945
102689.44
102705.055
102720.87
102741.75
102767.24
102791.94
102809.74
102827.46
102843.08
102860.11
102886.586
102910.44
102926.055
102941.61
102963.74
102989.76
103016.69
103031.92
103046.95
103064.07
103079.37
103098.68
103117.06
103138.086
103160.65
103176.46
103195.77
103220.8
103246.97
103273.9
103290.9
103311.92
103332.945
103349.945
103365.6
103381.16
103399.05
103419.664
103435.32
103451.81
103466.945
103501.15
103539.2
103565.45
103590.15
103627.59
103644.234
103669.945
103690.54
103711.16
103727.8
103746.48
103761.77
103778.414
103802.625
103833.086
103854.11
103873.34
103898.9
103920.83
103938.83
103957.08
103977.96
104001.734
104017.766
104034.164
104050.445
104068.695
104084.98
104101.375
104117.19
104136.29
104154.54
104172.57
104192.59
104207.83
104229.04
104248.06
104265.06
104281.555
104297.95
104317.98
104338.23
104354.87
104389.35
104405.91
104429.25
104450.65
104473.91
104494.93
104512.39
104535.71
104558.27
104582.36
104603.57
104625.57
104649.57
104673.734
104703.88
104720.97
104745.055
104764.75
104783.19
104798.22
104815.94
104834.19
104850.47
104868.72
104886.18
104904.21
104922.016
104937.57
104963.06
104979.83
104996.914
105016.15
105031.96
105051.195
105068.31
105089.336
105108.36
105125.36
105148.2
105164.36
105185.45
105202.72
105219.21
105241.68
105261.6
105282.22
105297.74
105315.99
105342.164
105364.63
105381.664
105397.79
105416.766
105432.29
105451.52
105475.3
105499.81
105535.95
105566.56
105584.81
105601.84
105622.46
105676.06
105698.89
105715.66
105834.734
105974.805
106000.1
106025.59
106041.25
106056.91
106085.54
106106.914
106129.01
106147.69
106163.97
106179.586
106195.24
106212.7
107254.5
108287.695
108303.85
108319.664
108338.34
108354.0
108369.266
108384.53
109424.055
110459.41
110488.56
110514.734
110535.35
110557.555
110577.555
110599.14
110620.164
110641.54
110666.28
110688.305
110707.62
110725.51
110744.51
110759.54
110776.74
110794.74
110810.555
110828.805
110845.92
110863.38
110884.85
110902.96
110918.96
110935.96
110950.99
110966.125
110981.26
110997.07
111013.836
111033.25
111049.41
111074.73
111096.66
111117.75
111133.78
111153.016
111175.375
111194.055
111211.055
111226.32
111245.34
111262.375
111283.4
111301.43
111324.516
111347.54
111371.56
111391.664
111410.9
111438.9
111459.92
111481.92
111498.08
111514.48
111530.97
111547.97
111564.0
111579.234
111603.26
111625.26
111641.38
111659.82
111681.84
111706.87
111723.9
111741.164
111761.19
111777.47
111793.625
111808.89
111823.92
111839.445
111865.39
111886.484
111903.6
111924.625
111941.66
111960.09
111981.09
112002.12
112021.12
112039.23
112057.23
112078.44
112098.44
112116.69
112140.875
112159.664
112181.2
112203.336
112221.37
112242.74
112259.74
112274.875
112290.01
112307.01
112330.03
112346.586
112362.984
112384.195
112402.63
112418.664
112442.266
112463.52
112484.55
112506.57
112529.375
112557.54
112574.54
112595.56
112614.24
112631.445
112649.48
112669.33
112693.516
112718.58
112746.44
112769.695
112786.25
112802.06
112818.46
112841.305
112859.555
112877.664
112896.875
112915.98
112935.39
112954.26
112970.9
112987.3
113003.42
113020.45
113045.945
113068.97
113084.586
113100.2
113116.484
113135.695
113153.5
113173.6
113196.945
113215.92
113254.195
113273.51
113293.43
113314.24
113335.43
113351.46
113368.73
113383.86
113399.16
113419.26
113435.38
113450.414
113466.414
113482.695
113505.72
113528.74
113552.95
113577.79
113601.195
113623.555
113643.68
113665.15
113687.08
113729.51
113760.766
113784.79
113816.62
113841.03
113856.84
113874.95
113897.31
113913.805
113933.22
113958.77
114011.78
114047.29
114083.52
114106.87
114135.87
114161.32
114195.27
114210.57
114248.586
114268.69
114299.1
114331.86
114347.48
114367.2
114397.62
114425.13
114453.3
114475.66
114491.18
114515.92
114547.07
114569.27
114584.305
114599.6
114618.625
114635.66
114657.75
114690.99
114721.99
114754.01
114785.16
114816.555
114850.29
114885.0
114914.016
114936.84
114953.84
114973.08
114989.84
115009.945
115034.46
115053.06
115070.09
115107.31
115153.84
115176.41
115193.87
115209.68
115244.164
115260.72
115285.74
115340.15
115355.805
115374.055
115390.55
115581.22
115711.22
115737.84
115792.08
115809.77
115830.37
115845.92
115861.19
115882.19
115899.65
115935.555
115966.03
115991.35
116021.44
116037.09
116059.19
116098.88
116122.42
116147.484
116165.516
116182.6
116198.22
116214.77
116238.31
116263.01
116278.82
116296.85
116320.11
116339.805
116359.73
116381.125
116399.73
116415.85
116431.12
116450.22
116472.15
116490.53
116511.34
116535.38
116557.336
116573.98
116602.99
116619.27
116646.48
116663.51
116687.53
116705.42
116723.12
116751.4
116774.66
116791.92
116811.945
116832.945
116853.54
116876.88
116893.97
116912.35
116942.44
116964.53
116989.555
117010.555
117031.44
117058.6
117084.68
117102.4
117120.78
117138.48
117155.445
117171.1
117187.66
117221.86
117248.875
117271.96
117304.02
117322.055
117343.45
117361.836
117383.97
117401.43
117420.3
117450.37
117481.766
117504.79
117529.305
117551.4
117575.914
117592.47
117608.96
117630.17
117645.984
117666.58
117685.99
117711.484
117731.734
117768.234
117791.08
117807.63
117827.33
117848.14
117866.82
117891.82
117915.82
117940.88
117972.945
117994.2
118012.234
118031.336
118048.8
118078.87
118099.96
118120.21
118139.42
118154.98
118179.98
118199.08
118216.11
118239.516
118256.516
118276.64
118298.18
118315.875
118331.17
118348.2
118374.51
118398.72
118417.95
118439.88
118456.85
118476.086
118494.086
118521.38
118543.74
118564.36
118585.945
118622.72
118642.72
118661.51
118678.77
118695.33
118713.05
118734.63
118758.66
118788.35
118818.83
118838.93
118861.95
118878.984
118902.18
118917.414
118933.695
118948.93
118965.055
118981.18
118999.86
119019.88
119037.914
119053.945
119072.97
119092.99
119111.1
119127.13
119147.16
119164.19
119184.29
119201.32
119216.94
119233.43
119248.95
119264.19
119285.21
119302.33
119321.35
119342.445
119366.47
119384.47
119405.49
119424.516
119447.6
119462.9
119482.9
119504.11
119521.23
119544.25
119565.27
119585.5
119603.53
119625.625
119645.65
119663.9
119685.99
119706.09
119732.34
119750.78
119773.78
119792.78
119813.99
119832.59
119848.15
119869.99
119890.586
119910.234
119932.33
119947.36
119963.85
119980.13
120007.15
120022.18
120043.39
120064.58
120087.984
120105.7
120127.91
120148.52
120174.13
120190.69
120218.55
120239.945
120265.44
120290.516
120308.625
120323.92
120348.76
120366.79
120384.055
120409.375
120425.5
120441.16
120464.18
120484.2
120504.305
120523.54
120539.57
120565.53
120590.37
120605.4
120622.86
120640.06
120661.91
120681.01
120701.6
120728.9
120745.9
120762.18
120779.67
120798.11
120814.14
120829.44
120856.64
120881.82
120904.02
120919.16
120939.97
120958.41
120974.41
120989.96
121006.12
121022.4
121041.19
121057.95
121077.68
121093.49
121115.125
121130.16
121159.23
121178.46
121225.305
121246.19
121278.09
121350.19
121366.0
121381.81
121401.81
121423.836
121448.05
121463.664
121484.28
121499.94
121530.74
121553.94
121588.99
121608.23
121633.72
121655.56
121670.86
121697.875
121713.49
121736.69
121754.18
121771.18
121786.445
121804.14
121821.836
121844.51
121865.125
121882.82
121900.85
121921.875
121943.086
121958.22
121974.375
122002.555
122023.17
122042.38
122064.41
122084.26
122116.91
122138.445
122153.71
122181.49
122199.93
122218.91
122238.22
122257.63
122273.76
122300.234
122320.234
122337.5
122356.48
122377.36
122395.8
122417.93
122441.95
122464.05
122484.93
122502.016
122530.48
122547.48
122563.29
122581.32
122599.68
122622.15
122641.945
122657.56
122675.26
122704.875
122731.35
122759.8
122781.93
122800.61
122818.99
122840.92
122872.18
122887.8
122911.57
122931.49
122952.68
122973.7
122993.12
123018.195
123033.46
123052.67
123076.695
123102.016
123124.016
123148.016
123168.63
123190.586
123212.68
123232.33
123249.414
123267.664
123289.69
123304.82
123320.63
123336.79
123360.98
123378.78
123397.805
123421.89
123448.14
123471.4
123490.375
123514.15
123543.305
123561.0
123576.62
123604.69
123623.71
123643.36
123663.28
123680.28
123695.805
123719.97
123743.055
123763.45
123790.47
123818.54
123841.34
123857.34
123874.61
123894.63
123915.73
123931.85
123949.74
123965.3
123986.836
124015.99
124035.09
124052.9
124079.07
124098.38
124115.5
124133.94
124162.24
124187.8
124211.336
124233.36
124251.74
124282.16
124310.16
124337.47
124353.086
124369.12
124386.32
124403.52
124430.69
124453.77
124472.02
124492.91
124516.99
124537.016
124562.04
124587.12
124603.67
124624.07
124651.27
124681.29
124697.1
124712.72
124736.49
124755.59
124777.62
124797.31
124812.87
124830.36
124845.59
124862.625
124878.15
124898.25
124918.1
124933.72
124948.95
124970.586
124997.88
125016.484
125037.0
125058.93
125076.734
125094.43
125110.71
125126.99
125146.99
125166.72
125189.805
125206.086
125221.32
125236.98
125253.1
125268.72
125286.21
125302.7
125320.164
125335.46
125350.73
125366.88
125383.01
125398.82
125417.26
125435.26
125450.29
125467.29
125486.39
125501.69
125516.92
125533.08
125548.6
125568.7
125587.94
125602.97
125622.38
125642.98
125659.1
125675.66
125690.89
125706.51
125724.54
125750.09
125774.28
125795.28
125815.01
125833.875
125850.91
125865.94
125882.58
125900.58
125930.01
125960.81
125981.81
125998.84
126016.875
126035.664
126055.36
126074.57
126090.19
126106.31
126124.34
126151.36
126179.52
126202.61
126227.63
126243.914
126260.945
126276.56
126292.375
126324.39
126358.23
126387.016
126411.37
126437.37
126462.86
126481.22
126500.195
126522.33
126546.68
126573.88
126593.58
126609.86
126625.67
126655.35
126677.28
126697.305
126715.69
126745.69
126762.805
126789.28
126812.625
126832.75
126852.164
126874.37
126892.4
126910.51
126927.27
126947.3
126962.82
126978.34
126994.34
127009.87
127025.484
127042.125
127061.15
127079.18
127098.28
127117.28
127144.35
127165.375
127184.055
127199.35
127215.91
127232.03
127247.84
127267.08
127282.31
127302.44
127324.44
127343.46
127363.69
127382.69
127405.53
127422.62
127438.234
127462.65
127477.78
127494.27
127516.48
127536.58
127556.58
127575.68
127593.79
127609.02
127629.15
127650.99
127674.336
127692.586
127712.61
127728.61
127747.29
127762.32
127777.62
127804.3
127819.59
127836.086
127853.98
127871.44
127890.54
127908.57
127924.19
127941.88
127961.734
127978.13
128015.77
128044.09
128060.25
128083.51
128101.4
128117.52
128144.2
128171.516
128195.93
128217.86
128232.89
128249.98
128273.3
128291.33
128308.09
128330.05
128349.74
128367.85
128394.42
128420.055
128444.22
128463.45
128487.62
128506.0
128521.81
128543.66
128572.73
128588.76
128608.88
128632.14
128674.33
128697.13
128714.59
128742.76
128786.05
128816.28
128852.055
128875.91
128892.46
128907.76
128927.484
128947.734
128973.055
128999.96
129026.21
129050.91
129070.6
129129.125
129146.39
129170.74
129206.65
129228.58
129257.44
129288.836
129324.64
129339.77
129364.85
129393.31
129413.01
129442.08
129478.44
129496.13
129512.26
129527.49
129542.625
129573.22
129605.36
129632.82
129655.18
129673.43
129695.79
129723.445
129744.54
129761.57
129790.03
129811.125
129841.125
129859.375
129875.93
129906.82
129922.48
129941.266
129956.4
129971.43
129989.15
130012.92
130184.99
130209.32
130228.34
130266.36
130293.29
130319.37
130365.375
130395.79
130412.43
130431.41
130450.64
130503.25
130527.29
130556.36
131875.84
133188.38
133208.5
133225.7
133242.67
133263.77
133290.69
133314.03
133341.2
133359.23
133385.23
133419.19
133455.95
133487.28
133522.97
133543.0
133561.97
133598.22
133632.75
133656.02
133695.02
133720.19
133747.7
133765.73
133786.33
133808.28
133824.44
133846.53
133866.17
133899.3
133933.73
133954.12
133971.12
133988.25
134023.31
134047.48
134070.28
134095.3
134112.42
134135.42
134158.44
134180.44
134201.44
134216.73
134235.97
134257.0
134274.03
134293.06
134308.72
134326.19
134341.48
134357.98
134375.67
134392.67
134412.89
134432.6
134452.81
134473.69
134492.38
134508.5
134527.5
134546.73
134563.86
134586.88
134605.12
134620.25
134635.28
134650.31
134666.47
134682.28
134701.98
134722.38
134740.38
134761.4
134780.4
134800.5
134821.11
134840.14
134862.23
134888.23
134908.48
134929.58
134946.7
134967.73
134986.77
135011.47
135028.67
135051.69
135070.66
135089.86
135106.62
135122.66
135142.66
135163.05
135178.86
135199.11
135223.81
135251.89
135273.9
135296.27
135315.3
135330.42
135363.48
135393.64
135415.23
135433.48
135449.61
135467.72
135493.73
135510.02
135527.14
135556.3
135584.58
135611.75
135637.05
135654.84
135670.11
135696.28
135711.4
135734.75
135764.81
135787.38
135808.84
135828.48
135848.52
135863.81
135882.06
135906.08
135927.08
135949.08
135972.1
135987.66
136008.47
136029.5
136059.52
136083.28
136102.52
136127.53
136157.55
136181.6
136203.19
136228.19
136251.2
136269.64
136288.88
136320.89
136358.94
136388.34
136410.81
136428.28
136447.39
136472.56
136493.75
136509.31
136531.67
136556.73
136573.28
136601.44
136616.47
136642.64
136660.53
136679.53
136704.6
136726.44
136743.44
136769.75
136798.81
136818.45
136840.1
136859.33
136875.36
136899.22
136925.3
136941.58
136958.7
136986.78
137018.03
137044.72
137072.8
137091.48
137107.98
137137.53
137157.23
137189.19
137212.53
137246.94
137278.34
137301.69
137321.33
137353.86
137380.94
137404.94
137421.06
137437.34
137456.58
137478.42
137507.48
137534.5
137559.81
137584.33
137605.55
137633.44
137662.5
137692.33
137712.84
137729.97
137758.12
137777.36
137819.56
137854.48
137869.72
137891.1
137915.28
137932.78
137962.8
137977.83
137996.94
138023.36
138052.52
138075.52
138090.81
138108.92
138131.28
138148.28
138164.56
138180.56
138196.19
138213.69
138232.05
138251.75
138267.05
138287.3
138304.42
138319.72
138336.0
138352.0
138368.64
138388.86
138413.38
138430.38
138449.8
138467.27
138534.3
138563.36
138584.23
138600.39
138618.98
138635.98
138651.64
138668.19
138686.88
138703.0
138727.02
138744.02
138762.02
138783.39
138798.62
138826.78
138845.22
138870.23
138885.47
138901.28
138916.58
138934.3
138954.3
138974.42
139001.44
139016.7
139043.9
139058.94
139084.95
139103.31
139128.31
139144.6
139167.39
139188.0
139209.03
139244.03
139266.39
139296.39
139317.61
139335.08
139350.31
139365.34
139381.47
139406.97
139426.17
139441.4
139460.19
139482.28
139498.44
139523.03
139544.4
139571.33
139590.56
139610.69
139628.72
139648.94
139667.62
139682.66
139698.78
139720.8
139747.2
139766.08
139783.05
139801.48
139821.7
139839.73
139862.75
139885.31
139902.31
139926.39
139951.89
139969.89
139994.89
140009.92
140027.12
140057.72
140074.22
140096.22
140115.33
140130.86
140146.67
140164.67
140183.67
140204.89
140223.33
140243.58
140263.0
140281.11
140299.22
140315.72
140330.95
140349.73
140367.42
140386.53
140402.66
140423.66
140442.1
140459.12
140476.39
140491.52
140509.77
140532.78
140550.89
140567.17
140584.2
140600.33
140615.62
140631.44
140648.08
140670.88
140696.88
140714.9
140737.9
140755.94
140776.94
140794.97
140811.0
140826.12
140842.62
140869.64
140890.67
140905.97
140924.66
140943.77
140966.33
140986.58
141006.22
141026.44
141042.47
141065.48
141084.45
141099.58
141119.83
141140.22
141158.66
141177.62
141193.44
141210.9
141234.44
141250.25
141278.7
141301.17
141334.19
141358.38
141378.77
141407.0
141427.61
141444.73
141468.08
141483.89
141503.6
141530.52
141558.03
141573.3
141589.58
141607.94
141624.1
141639.9
141661.28
141688.28
141710.28
141726.28
141744.0
141759.81
141776.31
141792.44
141807.7
141828.92
141845.56
141863.95
141886.05
141910.12
141928.9
141946.8
141964.0
141982.88
142000.08
142020.3
142047.22
142065.11
142084.22
142102.25
142119.38
142140.4
142157.88
142181.95
142197.25
142215.28
142234.48
142250.52
142266.64
142283.84
142303.77
142318.89
142338.31
142362.83
142378.36
142395.39
142412.86
142430.12
142451.77
142467.8
142489.94
142506.7
142521.97
142537.97
142554.1
142576.56
142594.81
142613.25
142632.28
142652.31
142669.31
142691.33
142712.42
142732.45
142749.92
142771.14
142792.17
142807.2
142830.3
142847.42
142872.5
142888.78
142907.81
142929.81
142945.81
142965.23
142982.7
143004.08
143027.42
143044.55
143063.55
143083.19
143099.47
143116.6
143133.62
143152.66
143168.66
143192.42
143210.67
143228.92
143249.95
143270.98
143291.2
143311.3
143326.6
143346.69
143366.0
143386.0
143405.03
143421.31
143444.72
143461.72
143479.83
143495.1
143517.11
143535.22
143551.25
143568.72
143586.75
143605.78
143624.89
143640.92
143660.03
143677.16
143697.19
143716.19
143735.22
143755.25
143770.38
143785.5
143802.0
143817.81
143834.84
143854.27
143873.5
143888.53
143904.66
143920.94
143940.97
143956.78
143974.81
143990.94
144005.97
144021.2
144037.33
144052.86
144070.75
144087.78
144111.78
144161.88
144183.97
144203.08
144222.11
144246.11
144264.14
144281.17
144301.39
144318.52
144338.55
144368.56
144388.6
144407.6
144425.84
144445.88
144469.95
144486.98
144503.48
144521.48
144536.52
144557.55
144579.64
144595.64
144620.64
144638.67
144665.75
144682.88
144703.9
144720.67
144741.7
144757.0
144779.36
144794.66
144814.75
144834.75
144852.02
144875.02
144898.03
144913.06
144937.08
144954.34
144971.11
144986.14
145010.14
145028.25
145043.28
145058.31
145078.53
145100.53
145124.72
145144.81
145172.81
145190.08
145209.08
145225.11
145242.11
145262.23
145278.73
145295.28
145319.98
145335.02
145352.48
145377.5
145398.53
145413.83
145430.47
145446.6
145462.12
145478.77
145495.05
145512.08
145530.11
145550.11
145566.23
145586.27
145604.27
145627.27
145646.27
145661.8
145676.83
145696.83
145715.86
145735.86
145752.98
145771.98
145790.1
145807.22
145829.42
145847.53
145871.72
145890.75
145910.75
145930.78
145954.86
145974.28
145994.5
146010.31
146029.55
146048.52
146067.2
146086.84
146106.16
146123.25
146141.69
146161.11
146178.83
146197.61
146218.22
146234.98
146251.27
146269.38
146287.38
146305.4
146323.44
146343.47
146364.47
146380.75
146401.97
146417.97
146438.0
146455.0
146473.11
146493.11
146510.14
146529.17
146548.17
146567.17
146583.17
146605.27
146621.42
146636.69
146653.72
146670.75
146689.0
146710.94
146728.4
146744.4
146761.53
146781.75
146799.78
146816.78
146841.95
146857.25
146872.88
146889.0
146905.16
146920.45
146939.23
146954.89
146977.25
146998.25
147024.27
147039.3
147059.39
147078.39
147095.39
147116.39
147134.83
147154.86
147175.08
147202.1
147219.56
147242.66
147258.94
147276.97
147302.97
147320.44
147342.53
147360.64
147383.83
147400.83
147420.86
147438.89
147465.2
147486.23
147509.33
147526.33
147543.36
147561.47
147584.47
147607.47
147622.6
147642.81
147666.83
147683.86
147701.89
147728.9
147748.94
147768.17
147785.2
147808.3
147834.3
147851.33
147873.34
147890.47
147909.47
147929.47
147953.48
147970.61
147989.84
148012.94
148039.95
148055.98
148071.8
148088.3
148104.3
148120.84
148138.05
148163.06
148186.83
148211.83
148228.6
148246.31
148263.78
148281.25
148306.88
148323.42
148343.67
148362.98
148384.58
148401.08
148416.73
148432.77
148451.2
148466.44
148482.56
148498.19
148517.3
148538.52
148553.81
148573.05
148591.08
148613.1
148636.11
148655.11
148672.11
148695.2
148719.28
148737.72
148760.08
148779.11
148797.55
148815.98
148834.1
148853.1
148869.6
148895.6
148914.7
148932.73
148955.73
148972.02
148994.03
149010.31
149032.16
149051.16
149069.27
149086.53
149109.88
149135.38
149157.58
149177.61
149196.64
149215.08
149233.11
149256.12
149272.28
149292.67
149310.78
149325.81
149345.84
149365.88
149383.0
149401.03
149424.05
149443.08
149462.19
149481.3
149501.3
149518.3
149540.39
149560.48
149579.6
149595.6
149611.62
149630.66
149651.66
149673.75
149692.86
149708.67
149724.83
149740.86
149758.97
149774.78
149792.25
149811.97
149828.12
149847.1
149865.48
149881.61
149897.23
149913.39
149928.52
149943.55
149961.9
149981.55
150002.58
150019.58
150037.61
150059.75
150078.78
150097.89
150114.92
150130.45
150146.95
150166.98
150188.36
150207.39
150222.52
150246.84
150263.12
150284.16
150305.03
150327.05
150348.08
150368.95
150390.17
150410.39
150427.86
150448.08
150467.31
150485.34
150503.45
150521.17
150541.78
150557.31
150575.31
150597.78
150617.42
150637.81
150654.84
150671.97
150687.0
150708.38
150726.81
150743.84
150763.27
150780.3
150795.6
150811.88
150827.69
150849.7
150869.62
150886.66
150905.1
150931.27
150946.5
150971.8
150986.83
151003.23
151020.27
151056.11
151073.58
151097.66
151115.77
151133.45
151150.92
151169.31
151186.08
151202.23
151221.34
151242.94
151267.64
151287.34
151305.14
151321.14
151337.64
151357.36
151378.45
151395.58
151414.58
151432.05
151453.52
151472.55
151498.55
151519.64
151538.08
151562.16
151580.84
151601.23
151620.66
151643.67
151659.83
151676.33
151691.62
151708.27
151725.27
151744.5
151765.72
151784.08
151806.17
151827.2
151846.62
151866.72
151893.4
151911.52
151929.77
151956.94
151974.83
151990.95
152006.25
152021.78
152038.06
152053.1
152070.1
152086.22
152104.33
152120.45
152139.66
152159.66
152176.66
152202.73
152218.77
152247.56
152325.56
152371.45
152387.73
152414.42
152430.42
152457.6
152479.69
152503.03
152520.92
152537.56
152560.66
152581.69
152600.8
152626.3
152646.39
152664.83
152692.69
152713.78
152730.98
152746.8
152763.92
152799.28
152816.28
152831.55
152849.44
152865.6
152881.4
152899.1
152917.45
152944.66
152965.27
152988.11
153008.7
153031.06
153047.7
153068.31
153084.44
153105.81
153129.16
153144.97
153178.2
153204.22
153228.23
153245.27
153270.58
153290.67
153316.69
153332.81
153348.62
153367.31
153392.81
153410.84
153431.44
153446.47
153466.5
153495.14
153517.14
153537.75
153553.88
153569.44
153585.72
153602.0
153617.12
153635.23
153650.8
153669.8
153687.83
153704.11
153726.2
153741.33
153762.42
153780.81
153801.84
153820.28
153836.56
153852.97
153871.08
153886.38
153901.9
153924.73
153943.84
153964.88
153987.88
154003.9
154026.92
154044.95
154064.95
154081.45
154102.55
154120.55
154141.58
154158.58
154181.77
154200.77
154223.56
154240.06
154260.1
154279.8
154307.81
154333.36
154349.64
154365.8
154382.83
154399.38
154424.55
154446.56
154462.84
154481.1
154503.03
154528.73
154557.6
154577.72
154598.33
154626.22
154645.33
154660.36
154678.8
154694.83
154709.95
154725.95
154740.98
154760.02
154775.83
154794.61
154812.5
154831.61
154856.92
154873.56
154900.39
154932.4
154963.81
154979.44
154995.25
155016.44
155036.69
155052.34
155069.84
155093.7
155113.42
155130.89
155153.1
155174.31
155193.55
155225.33
155246.36
155261.89
155281.53
155304.33
155321.6
155338.0
155363.31
155384.19
155410.88
155428.9
155446.03
155462.06
155478.56
155495.6
155515.3
155532.8
155548.45
155571.8
155594.81
155614.9
155634.9
155657.9
155680.9
155700.75
155718.75
155736.02
155754.4
155776.88
155793.16
155808.78
155828.02
155849.39
155865.55
155886.42
155907.52
155923.14
155950.94
155985.06
156002.19
156020.88
156041.97
156058.1
156074.22
156099.72
156122.73
156141.7
156164.06
156183.9
156208.9
156236.2
156264.5
156295.89
156316.77
156340.36
156360.61
156389.25
156416.98
156445.14
156463.25
156483.47
156505.67
156528.67
156555.69
156583.84
156613.9
156643.92
156670.94
156694.28
156717.47
156735.86
156756.11
156781.61
156800.48
156822.69
156843.78
156869.95
156896.83
156916.25
156936.28
156951.94
156970.05
156988.73
157011.92
157034.06
157051.78
157068.9
157088.02
157111.03
157134.12
157153.12
157171.16
157189.16
157209.19
157234.5
157258.52
157281.08
157298.11
157316.14
157337.33
157356.3
157383.81
157404.81
157433.05
157458.06
157490.31
157515.39
157537.95
157574.67
157594.31
157616.33
157632.97
157649.61
157667.5
157682.73
157700.53
157729.55
157770.55
157895.64
157955.66
158180.38
158251.55
158344.69
158363.92
158381.95
158402.77
158423.8
158445.2
158462.23
158477.77
158493.0
158508.81
158524.47
158539.7
158554.97
158572.77
158590.27
158605.5
158622.27
158640.7
158656.52
158674.55
158690.83
158707.86
158722.89
158743.14
158758.67
158779.27
158799.39
158817.42
158835.45
158855.7
158878.38
158900.84
158915.97
158932.1
158950.53
158966.56
158986.95
159007.83
159026.52
159048.98
159064.22
159079.45
159104.45
159121.45
159152.84
159175.64
159191.45
159213.47
159228.5
159252.69
159281.84
159299.88
159315.88
159333.9
159351.17
159367.3
159386.53
159402.53
159419.17
159437.2
159456.44
159477.44
159497.47
159516.7
159536.12
159558.22
159576.33
159596.36
159615.56
159630.69
159651.3
159672.33
159692.36
159710.25
159728.84
159743.97
159759.0
159776.47
159799.31
159818.34
159837.45
159854.45
159874.48
159895.52
159911.8
159928.83
159945.95
159963.95
159979.58
159995.73
160012.5
160028.03
160044.16
160065.34
160082.38
160103.4
160120.44
160140.53
160159.64
160179.64
160198.88
160218.97
160239.0
160262.19
160282.58
160299.61
160319.25
160339.86
160355.67
160376.77
160403.34
160420.38
160445.55
160466.16
160490.17
160506.45
160530.81
160550.94
160582.52
160598.17
160618.17
160660.89
160685.6
161976.11
163255.77
163276.16
163294.19
163309.72
163325.84
163342.34
163361.38
163377.4
163396.61
163415.64
163436.23
163452.73
163475.3
163491.58
163506.88
163524.9
163541.03
163557.67
163582.67
163608.98
163627.42
163644.42
163668.94
163698.55
163722.25
163748.22
163770.69
163790.11
163808.14
163826.17
163850.17
163869.81
163894.88
163919.58
163936.08
163989.23
164008.44
164037.84
164055.95
164079.72
164096.98
164123.39
164141.78
164158.55
164178.58
164195.67
164214.7
164231.97
164251.81
164267.11
164284.58
164301.84
164323.39
164346.73
164363.77
164387.62
164417.89
164439.27
164474.33
164499.83
164517.86
164540.22
164557.22
164574.34
164589.9
164607.0
164623.4
164642.83
164661.86
164677.86
164696.86
164717.95
164744.27
164763.27
164790.34
164822.62
164853.03
164876.05
164899.64
164920.16
164935.42
164971.11
164993.67
165009.2
165032.22
165055.56
165072.83
165087.86
165105.89
165127.98
165145.25
165175.31
165200.33
165216.36
165231.66
165255.7
165284.7
165306.72
165325.72
165340.95
165358.16
165376.19
165391.22
165407.34
165423.84
165450.86
165470.98
165489.02
165504.83
165532.48
165554.69
165579.28
165598.25
165618.86
165635.89
165654.14
165671.11
165690.75
165706.4
165725.61
165744.72
165759.75
165778.19
165797.83
165817.06
165836.17
165851.7
165871.12
165896.44
165914.8
165932.6
165949.6
165967.31
165982.84
165999.88
166019.9
166046.98
166072.3
166090.73
166110.16
166126.31
166141.34
166161.6
166177.25
166194.72
166212.75
166231.19
166252.28
166270.31
166297.31
166321.83
166340.08
166359.08
166375.62
166391.66
166406.69
166421.95
166437.61
166456.81
166477.2
166497.42
166516.45
166537.45
166556.88
166574.14
166591.64
166615.05
166630.86
166652.88
166669.0
166689.03
166704.16
166721.12
166738.33
166762.34
166783.56
166802.8
166823.02
166842.25
166861.89
166882.28
166905.62
166922.89
166938.02
166961.72
166981.75
167001.84
167023.03
167043.64
167065.78
167088.8
167114.61
167142.34
167158.16
167175.16
167190.81
167208.84
167229.45
167249.38
167267.4
167284.17
167299.73
167321.73
167344.2
167359.33
167375.36
167390.66
167410.69
167448.03
167474.11
167491.23
167508.7
167538.86
167555.14
167570.95
167587.98
167605.78
167636.84
167663.1
167691.25
167709.5
167732.3
167771.3
167789.19
167807.3
167823.7
167839.0
167854.81
167872.84
167904.9
167955.6
167977.53
168016.48
168042.45
168080.5
168104.03
168121.3
168158.78
168185.95
168202.23
168218.05
168242.56
168270.02
168289.94
168305.23
168329.56
168353.58
168370.58
168385.61
168401.17
168425.77
168461.83
168482.92
168527.86
168556.72
168583.73
168604.61
168624.53
168655.34
168676.98
168697.38
168722.11
168742.72
168763.11
168793.52
168818.52
168837.62
168860.97
168884.5
168904.75
168921.88
168941.67
168966.67
168987.55
169009.75
169035.72
169061.97
169091.7
169119.22
169138.92
169158.23
169186.52
169220.72
169239.31
169260.4
169276.69
169292.22
169310.66
169326.69
169526.94
169547.19
169566.3
169585.53
169607.55
169624.19
169643.89
169667.08
169683.36
169807.67
169866.36
169897.36
170007.52
170083.52
170100.98
170120.7
170144.11
170169.11
170195.53
170217.38
170236.06
170251.36
170266.39
170289.23
170307.62
170326.73
170345.94
170364.33
170386.95
170406.8
170427.67
170446.36
170461.92
170484.12
170512.97
170532.89
170548.19
170570.12
170588.16
170604.92
170620.45
170642.81
170674.83
170693.61
170711.08
170728.97
170748.97
170773.33
170795.8
170817.39
170845.62
170862.39
170890.4
170913.84
170939.47
170958.67
170979.48
171003.5
171036.03
171071.84
171088.84
171103.97
171123.17
171140.38
171155.5
171176.88
171193.97
171228.75
171250.34
171278.42
171299.89
171333.12
171350.6
171380.33
171396.33
171413.6
171435.6
171455.81
171471.94
171495.03
171513.28
171529.1
171552.44
171570.69
171591.3
171609.69
171631.28
171648.4
171666.66
171683.2
171703.0
171722.23
171737.36
171760.7
171777.83
171799.92
171816.2
171835.31
171856.34
171873.11
171888.14
171904.27
171920.77
171938.03
171954.31
171971.4
171992.5
172008.78
172030.16
172047.28
172068.5
172095.67
172112.8
172131.9
172164.16
172182.27
172201.5
172220.53
172240.56
172268.84
172286.88
172312.84
172332.94
172353.19
172373.28
172391.31
172418.33
172441.0
172470.16
172492.11
172507.92
172524.08
172540.36
172560.06
172577.53
172596.64
172611.67
172627.7
172642.73
172660.2
172678.31
172695.31
172710.44
172726.84
172742.08
172758.2
172784.83
172800.86
172834.1
172856.45
172885.52
172904.39
172933.39
172951.5
172974.6
172993.03
173012.67
173029.8
173047.3
173066.4
173087.95
173107.67
173125.78
173145.88
173160.9
173176.03
173195.45
173211.73
173228.77
173246.8
173264.06
173282.5
173300.22
173317.25
173340.44
173359.86
173377.89
173400.45
173416.58
173431.61
173449.64
173465.77
173481.0
173497.12
173518.72
173540.73
173564.08
173591.16
173608.19
173625.22
173663.4
173711.11
173747.33
173778.22
173794.34
173809.64
173826.9
173844.11
173860.27
173876.55
173894.98
173932.03
173963.17
173995.56
174023.08
174040.11
174079.31
174106.61
174125.84
174146.94
174165.94
174198.94
174230.34
174258.98
174288.4
174317.05
174336.47
174359.1
174388.38
174413.61
174438.02
174463.19
174483.58
174503.67
174522.36
174540.16
174562.3
174587.84
174609.78
174626.28
174643.05
174661.3
174676.33
174691.45
174706.58
174727.19
174745.44
174761.25
174777.75
174794.88
174814.9
174830.9
174846.94
174871.27
174892.67
174908.83
174926.52
174945.52
174962.02
174979.81
175011.6
175068.9
175085.9
175104.02
175121.05
175143.61
175162.05
175180.16
175195.81
175217.95
175233.61
175249.77
175264.89
175280.7
175297.47
175315.5
175332.0
175351.23
175370.23
175385.53
175409.06
175425.61
175444.61
175461.61
175481.61
175507.11
175525.14
175553.3
175575.3
175590.33
175605.86
175626.08
175643.55
175662.97
175679.73
175697.98
175714.11
175743.12
175759.25
175775.38
175792.64
175811.64
175829.89
175852.1
175878.11
175903.42
175921.31
175939.34
175962.17
175980.56
175999.0
176018.23
176039.61
176056.16
176072.28
176101.89
176123.89
176142.58
176160.61
176176.73
176192.86
176213.73
176235.94
176250.97
176269.4
176291.61
176307.64
176328.25
176346.69
176365.92
176384.03
176404.12
176423.77
176440.05
176459.75
176475.78
176491.6
176506.86
176523.89
176539.02
176557.7
176576.39
176592.67
176619.6
176640.2
176663.73
176680.23
176701.45
176719.48
176735.61
176751.42
176766.72
176783.12
176800.1
176826.17
176841.47
176863.83
176884.05
176900.05
176923.39
176940.66
176955.69
176977.89
176993.92
177009.73
177032.83
177050.83
177069.22
177089.31
177108.42
177126.86
177147.86
177166.3
177187.52
177209.61
177230.7
177250.8
177282.94
177299.22
177317.22
177337.22
177357.83
177376.86
177396.1
177416.19
177435.22
177450.48
177473.67
177493.77
177509.3
177531.31
177548.4
177567.44
177589.03
177605.31
177629.31
177648.34
177666.38
177684.62
177702.62
177718.75
177736.78
177757.03
177775.14
177793.17
177813.27
177831.7
177851.8
177870.8
177891.4
177908.4
177931.5
177951.62
177971.62
177988.89
178004.12
178019.36
178036.86
178052.48
178068.14
178084.17
178099.47
178115.6
178136.6
178154.06
178170.1
178185.12
178202.16
178218.19
178245.48
178266.48
178281.78
178298.06
178315.95
178330.98
178348.25
178364.8
178382.06
178402.06
178421.1
178441.48
178459.52
178479.61
178498.61
178518.61
178535.73
178553.0
178574.0
178595.03
178612.16
178629.19
178646.45
178661.48
178678.48
178699.58
178720.58
178735.7
178754.73
178774.77
178795.8
178814.05
178834.27
178856.27
178872.3
178892.3
178910.4
178930.44
178945.47
178963.5
178981.53
178996.56
179021.56
179039.03
179061.39
179078.42
179096.53
179119.72
179147.38
179166.61
179185.84
179205.97
179226.0
179251.0
179268.0
179289.22
179306.34
179324.38
179343.48
179364.52
179391.52
179410.52
179428.55
179449.64
179465.67
179481.2
179496.44
179512.94
179528.17
179544.58
179561.34
179581.44
179596.47
179613.5
179640.52
179657.64
179678.73
179698.73
179714.73
179730.27
179749.27
179764.5
179781.14
179797.64
179813.77
179833.8
179860.81
179882.81
179898.81
179915.84
179933.88
179951.0
179970.11
179992.12
180012.34
180030.34
180051.38
180069.81
180087.08
180102.2
180120.31
180138.34
180155.61
180178.7
180197.73
180215.0
180234.03
180254.06
180271.33
180292.33
180311.33
180332.33
180351.33
180369.36
180384.89
180402.02
180420.12
180435.36
180454.47
180470.5
180493.84
180508.88
180528.97
180549.0
180566.03
180585.45
180602.58
180619.58
180635.11
180651.23
180671.16
180692.19
180712.22
180728.38
180743.4
180764.4
180784.44
180801.47
180817.47
180835.5
180854.61
180870.89
180886.42
180902.7
180918.0
180935.03
180954.73
180971.86
180990.97
181006.0
181021.03
181043.12
181060.12
181079.23
181095.23
181112.23
181127.53
181144.62
181160.75
181176.4
181193.5
181209.53
181228.56
181247.6
181265.6
181283.62
181304.62
181325.02
181345.02
181362.02
181381.12
181402.16
181419.19
181439.28
181458.39
181478.39
181496.39
181516.48
181534.52
181551.55
181567.58
181586.61
181606.7
181625.73
181643.77
181663.77
181683.86
181702.97
181721.97
181742.0
181769.17
181787.2
181805.23
181824.66
181840.94
181859.97
181879.39
181898.5
181920.86
181939.11
181954.23
181976.44
181998.53
182015.56
182034.8
182055.67
182070.7
182090.12
182105.16
182125.19
182145.28
182164.31
182183.34
182203.34
182219.38
182236.64
182253.64
182268.88
182284.88
182300.0
182315.3
182338.31
182360.67
182384.75
182403.75
182420.78
182436.9
182454.17
182472.42
182488.58
182504.86
182523.22
182540.34
182557.81
182573.38
182588.67
182606.67
182623.8
182642.83
182667.9
182684.19
182709.36
182732.7
182754.8
182782.81
182802.84
182819.88
182841.72
182864.28
182881.31
182897.44
182916.67
182931.8
182948.92
182964.45
182989.05
183004.28
183023.52
183041.77
183060.55
183080.47
183103.27
183121.7
183140.48
183157.52
183172.55
183189.58
183208.58
183230.17
183249.17
183272.44
183292.66
183310.9
183335.5
183354.7
183376.66
183400.19
183417.66
183442.25
183462.84
183479.81
183496.84
183512.84
183533.06
183549.19
183564.22
183580.22
183597.48
183617.52
183638.55
183658.94
183680.94
183704.47
183726.56
183747.6
183763.62
183778.92
183795.42
183811.08
183829.52
183846.78
183862.08
183880.08
183904.4
183922.44
183939.44
183955.72
183974.16
183992.6
184009.86
184026.14
184043.23
184062.34
184080.73
184097.38
184118.56
184135.66
184154.62
184176.83
184197.08
184215.33
184241.4
184260.44
184286.45
184304.48
184319.52
184345.69
184368.78
184388.78
184413.86
184440.88
184465.2
184488.3
184503.6
184520.1
184550.5
184572.5
184593.69
184611.94
184637.95
184660.75
184678.47
184695.97
184712.73
184727.97
184755.86
184773.75
184798.27
184814.55
184833.66
184848.69
184867.12
184882.39
184898.02
184914.42
184930.83
184946.1
184981.2
185003.67
185019.83
185035.98
185062.98
185082.22
185106.39
185133.56
185151.03
185175.62
185199.62
185214.92
185233.92
185253.95
185274.95
185289.98
185314.72
185334.75
185350.75
185381.89
185399.89
185416.05
185440.56
185457.6
185477.62
185496.66
185513.78
185534.81
185555.33
185572.42
185589.69
185607.16
185626.8
185642.33
185664.17
185680.17
185697.44
185714.9
185730.56
185746.69
185763.69
185779.81
185799.45
185826.38
185845.4
185865.66
185884.66
185903.62
185921.73
185943.75
185960.25
185979.36
185994.48
186013.6
186031.84
186054.2
186073.23
186088.77
186115.23
186132.27
186149.39
186171.6
186190.28
186212.42
186234.78
186255.78
186276.39
186297.48
186313.89
186336.1
186357.31
186380.11
186405.11
186420.23
186437.23
186457.45
186483.16
186498.19
186525.84
186543.95
186566.62
186582.28
186602.8
186618.8
186636.83
186652.95
186667.98
186691.0
186715.19
186734.5
186751.0
186769.03
186785.8
186802.8
186825.36
186843.8
186860.92
186876.05
186894.08
186914.08
186940.08
186955.2
186972.33
186992.33
187011.36
187026.48
187043.52
187060.64
187076.8
187095.58
187124.58
187143.58
187166.6
187184.62
187208.03
187223.33
187241.77
187260.88
187279.88
187296.03
187311.84
187330.84
187345.97
187364.66
187381.78
187397.9
187418.94
187438.36
187453.89
187470.92
187488.05
187505.05
187522.05
187539.08
187557.19
187576.61
187593.73
187618.73
187636.84
187652.08
187671.31
187688.4
187714.11
187743.52
187760.55
187788.7
187808.7
187835.88
187864.88
187882.98
187899.62
187916.72
187936.14
187952.9
187973.52
188005.77
188022.53
188043.56
188059.19
188075.0
188100.31
188120.56
188142.92
188169.0
188193.33
188222.94
188243.75
188262.95
188293.84
188319.34
188338.58
188359.19
188374.72
188395.94
188416.06
188432.61
188451.72
188473.27
188496.1
188512.22
188527.88
188545.6
188562.14
188583.36
188601.39
188616.92
188636.64
188655.08
188678.27
188693.39
188711.39
188727.52
188743.55
188762.97
188786.73
188802.03
188824.12
188843.83
188858.95
188883.31
188900.34
188981.4
189002.0
189017.12
189049.03
189095.42
189271.61
189296.78
189313.81
189331.02
190466.44
191600.4
191632.55
191730.73
191761.14
191785.47
191812.16
191828.8
191845.56
191861.84
191878.12
191893.94
191910.9
191927.9
191943.9
191961.9
191983.12
191998.25
192014.06
192031.53
192054.55
192069.78
192095.28
192119.3
192147.73
192165.2
192183.89
192203.81
192221.92
192242.8
192264.81
192284.05
192300.08
192315.38
192331.19
192360.19
192378.19
192394.0
192418.19
192434.69
192453.69
192469.69
192488.72
192508.97
192529.84
192547.84
192571.86
192588.86
192607.97
192629.98
192645.02
192661.42
192678.52
192695.52
192711.64
192727.3
192742.53
192762.56
192780.6
192802.6
192819.6
192848.75
192864.75
192884.84
192901.88
192917.88
192935.67
192952.44
192967.47
192983.62
193000.03
193022.03
193039.16
193061.16
193079.4
193098.52
193118.73
193137.84
193156.95
193176.38
193193.4
193214.5
193232.5
193251.73
193272.83
193288.64
193314.64
193334.06
193351.19
193370.42
193385.66
193401.22
193420.42
193440.12
193462.33
193485.52
193504.55
193522.98
193549.9
193581.67
193627.22
193655.5
193683.39
193713.92
193731.12
193746.25
193768.27
193784.27
193799.56
193815.1
193833.34
193850.34
193866.47
193899.7
193917.95
193985.03
194008.89
194029.28
194045.4
194062.17
194082.02
194098.05
194117.16
194138.7
194158.8
194177.83
194196.86
194219.88
194244.89
194269.9
194294.92
194316.94
194339.3
194359.39
194379.64
194400.03
194420.42
194441.42
194461.12
194476.42
194495.11
194515.03
194533.47
194553.69
194576.7
194595.94
194612.22
194634.23
194658.42
194679.64
194702.0
194726.33
194751.5
194776.52
194795.3
194815.02
194839.03
194863.11
194888.11
194915.4
194944.56
194962.36
194979.36
195005.36
195033.25
195051.64
195067.27
195085.7
195112.11
195139.84
195161.25
195190.27
195210.52
195236.02
195265.44
195281.0
195296.12
195311.42
195326.66
195341.89
195359.92
195376.05
195394.83
195410.95
195438.61
195459.22
195478.25
195509.83
195542.39
195561.36
195576.66
195599.67
195617.7
195635.42
195664.83
195691.08
195708.55
195728.77
195754.84
195776.86
195797.95
195813.98
195835.08
195859.27
195879.88
195900.12
195923.14
195938.4
195959.88
195979.8
