458 312
456 314
455 313
456 314
456 313
456 315
456 314
457 312
456 314
457 313
457 314
457 313
456 313
454 318
457 312
456 315
458 313
457 314
457 313
459 312
457 313
459 313
472 312
483 307
487 310
500 307
504 306
520 306
524 305
537 308
545 307
554 307
561 307
574 304
582 307
591 306
602 304
610 304
620 303
630 301
635 300
638 302
640 299
641 300
638 300
640 301
642 298
639 299
640 301
640 300
640 301
641 297
650 299
658 301
668 298
678 299
689 297
695 297
707 299
715 299
727 297
733 296
746 299
752 297
764 297
773 295
781 296
796 294
801 294
815 291
819 292
826 291
826 292
825 292
823 293
825 292
823 293
825 292
827 292
825 293
824 292
828 292
829 291
841 291
848 292
860 292
867 289
876 287
891 289
897 290
906 290
915 286
926 288
935 285
946 290
952 287
965 286
972 288
985 283
989 289
1002 285
1012 284
1009 288
1011 286
1011 286
1011 287
1010 287
1009 284
1012 286
1011 284
1011 283
1011 286
1011 284
1025 282
1033 284
1041 285
1050 287
1059 286
1068 288
1081 284
1088 287
1098 284
1106 289
1118 288
1124 286
1136 282
1140 287
1154 286
1159 285
1173 284
1181 287
1190 287
1195 284
1196 284
1191 289
1194 283
1196 283
1196 285
1197 282
1195 285
1195 283
1195 283
1195 285
1196 285
1214 284
1223 284
1234 286
1238 285
1250 285
1259 285
1267 284
1278 283
1291 281
1300 284
1307 283
1320 281
1328 285
1335 283
1347 286
1358 281
1362 282
1374 283
1378 285
1379 281
1378 282
1378 283
1379 282
1379 283
1378 282
1377 282
1380 283
1379 283
1380 285
1380 281
1387 283
1401 281
1410 279
1418 281
1429 278
1434 283
1449 282
1455 282
1463 281
1467 284
1469 282
1465 283
1468 284
1466 282
1465 286
1465 284
1465 283
1466 283
1467 283
1464 281
1468 283
1466 283
1468 284
1466 283
1465 285
1467 282
1466 284
1466 280
1469 284
1470 281
1470 282
1469 283
1462 283
1465 283
1469 280
1468 280
1467 280
1466 281
1464 284
1466 279
1470 278
1471 277
1473 277
1471 279
1475 275
1476 274
1475 276
1474 276
1476 275
1478 275
1479 272
1486 271
1484 270
1481 271
1484 271
1489 271
1490 271
1493 272
1494 268
1489 270
1495 269
1491 268
1492 270
1497 269
1498 269
1503 267
1502 266
1506 268
1505 269
1508 269
1511 265
1512 267
1517 267
1514 266
1514 267
1514 265
1521 265
1524 267
1524 265
1525 265
1531 269
1525 267
1533 269
1533 270
1537 270
1534 271
1535 272
1539 273
1538 272
1542 271
1539 275
1539 273
1540 272
1538 274
1540 271
1537 273
1538 274
1542 274
1539 273
1542 274
1544 280
1540 288
1545 296
1544 301
1545 309
1549 318
1543 327
1544 331
1544 342
1545 349
1549 357
1549 363
1550 374
1552 379
1551 389
1550 395
1551 408
1550 410
1553 420
1556 429
1556 426
1555 425
1556 427
1553 426
1555 428
1554 428
1554 429
1557 427
1555 429
1554 427
1554 428
1556 429
1552 428
1557 429
1558 433
1561 431
1560 433
1558 429
1560 432
1563 436
1563 434
1564 438
1566 440
1563 440
1567 439
1566 440
1567 444
1568 443
1568 445
1568 445
1572 448
1572 450
1575 454
1575 450
1578 457
1575 455
1575 456
1575 461
1579 461
1574 460
1578 464
1579 469
1572 465
1582 466
1577 466
1579 472
1581 475
1580 479
1578 473
1578 473
1576 474
1579 477
1576 477
1576 483
1578 480
1578 486
1578 489
1578 491
1582 493
1578 490
1579 493
1578 495
1576 495
1581 495
1577 499
1576 504
1575 503
1568 505
1571 505
1571 502
1572 504
1572 508
1569 506
1558 504
1547 508
1541 505
1528 503
1524 507
1511 502
1501 503
1490 502
1483 503
1474 503
1462 497
1457 498
1448 498
1435 499
1430 498
1417 501
1409 497
1399 494
1390 497
1385 498
1384 498
1389 496
1384 495
1386 499
1389 497
1383 498
1387 499
1385 495
1386 498
1384 497
1377 499
1367 491
1355 495
1348 499
1339 493
1330 492
1319 495
1315 494
1303 492
1297 495
1285 493
1271 493
1263 497
1254 493
1242 492
1233 492
1226 495
1216 490
1207 488
1198 489
1196 490
1200 488
1197 489
1197 490
1197 491
1199 490
1201 489
1196 493
1196 490
1197 489
1193 491
1188 488
1172 489
1162 491
1153 488
1146 491
1137 488
1130 487
1115 488
1107 488
1096 487
1090 487
1076 486
1068 485
1059 484
1051 485
1041 485
1031 487
1020 487
1011 485
1009 484
1010 482
1009 483
1008 484
1009 484
1011 484
1009 483
1009 484
1010 484
1009 484
1011 483
1001 483
989 485
979 485
971 482
960 482
952 482
941 483
935 482
921 482
914 480
903 480
894 481
884 480
877 478
865 482
857 480
845 479
834 479
826 477
819 478
821 478
817 477
820 480
821 479
821 478
819 477
819 479
818 479
819 480
819 477
816 477
805 479
793 475
787 479
778 479
765 479
755 474
747 475
734 478
729 476
717 475
708 474
699 476
690 475
680 477
672 476
658 476
652 474
642 475
633 474
632 474
632 474
632 473
631 475
633 474
631 473
631 473
632 474
631 475
630 473
632 472
622 472
611 474
600 472
594 471
584 473
575 472
563 474
556 471
544 472
535 471
526 472
518 472
505 471
501 470
489 469
482 470
469 470
461 471
451 467
449 472
445 469
448 469
448 472
445 469
446 469
447 471
448 471
450 469
445 467
446 471
447 472
440 469
432 469
422 469
409 471
399 468
392 469
393 470
390 472
391 468
388 469
389 470
391 470
389 468
390 470
389 470
388 469
390 468
387 470
389 470
389 470
390 468
388 469
391 468
389 468
389 468
393 470
389 470
388 470
391 470
392 469
386 469
390 471
389 468
392 468
391 467
394 466
394 464
393 461
396 461
395 460
396 458
398 459
399 456
399 457
398 453
402 451
400 450
400 451
404 447
401 447
403 443
405 442
401 439
403 440
403 439
404 438
406 436
406 438
403 431
403 431
401 431
403 428
405 424
404 423
403 424
402 421
398 420
401 418
403 418
401 413
402 416
397 411
398 409
394 410
396 408
394 406
394 403
393 403
392 403
391 402
392 401
393 402
388 396
391 399
386 398
388 396
385 397
382 398
385 395
382 397
385 398
386 396
383 397
389 396
386 399
383 398
384 395
384 396
384 403
381 411
380 420
382 428
381 434
375 443
374 453
376 457
372 464
378 473
379 482
376 489
376 497
373 503
373 515
371 523
366 533
368 539
370 546
367 549
364 550
367 553
365 552
363 552
366 553
365 549
366 552
365 549
367 550
365 552
365 551
365 551
368 552
365 550
365 553
365 549
363 550
360 549
356 546
357 545
355 546
352 545
350 545
351 545
349 547
346 542
344 546
342 544
339 544
340 546
338 544
338 546
335 545
335 545
330 546
331 546
328 545
325 549
322 549
322 550
324 548
320 550
318 551
318 551
313 555
312 554
310 556
310 555
311 558
306 558
307 558
306 560
303 558
303 561
302 558
300 561
299 561
298 561
298 567
293 565
293 567
292 563
292 566
292 567
291 567
292 568
289 567
288 570
288 571
285 573
285 568
290 572
298 573
307 570
321 577
325 573
335 574
344 572
356 573
364 573
375 572
384 571
393 570
399 572
412 572
417 574
430 573
435 572
449 573
456 572
466 572
472 573
472 574
471 575
472 573
469 575
470 573
472 573
473 573
470 574
471 574
473 575
474 570
490 575
494 574
510 575
515 573
528 572
535 573
543 578
552 572
563 572
571 576
583 574
595 578
601 579
614 577
620 576
631 580
639 577
651 578
658 577
660 577
659 578
660 580
660 579
658 579
662 579
660 579
661 578
661 578
660 577
661 581
668 580
684 577
689 580
702 578
712 577
721 579
734 579
739 582
751 579
759 577
773 578
779 578
791 576
801 577
811 580
821 577
830 578
839 579
846 580
848 580
852 582
850 577
849 581
850 579
849 579
850 583
850 578
850 582
854 579
852 580
850 582
863 581
874 582
885 583
893 579
903 583
909 583
925 584
928 581
941 585
948 583
962 585
968 585
981 585
988 586
998 585
1009 587
1021 587
1026 589
1036 589
1041 589
1042 588
1040 590
1040 592
1042 588
1042 589
1041 592
1042 589
1042 590
1043 589
1042 588
1046 593
1062 591
1067 589
1079 590
1089 589
1097 591
1106 590
1120 592
1124 591
1137 595
1145 593
1158 593
1162 598
1175 597
1183 598
1192 598
1206 595
1212 598
1226 596
1232 597
1232 598
1233 599
1234 596
1233 595
1234 598
1231 598
1233 600
1232 598
1233 598
1236 596
1233 596
1238 600
1253 597
1258 597
1272 599
1281 601
1292 600
1301 604
1308 604
1318 604
1329 602
1340 605
1349 602
1361 605
1367 604
1376 607
1383 608
1395 609
1404 612
1415 604
1423 609
1423 609
1423 609
1419 610
1422 609
1423 609
1424 607
1421 610
1423 609
1423 610
1422 609
1420 610
1428 612
1442 608
1449 608
1458 612
1467 613
1475 613
1489 616
1495 614
1501 618
1502 616
1505 613
1501 615
1499 617
1503 616
1504 617
1503 616
1502 615
1502 614
1503 616
1498 620
1501 617
1501 615
1503 615
1504 616
1501 617
1503 616
1506 615
1502 615
1504 614
1505 615
1504 617
1504 614
1501 616
1502 615
1505 615
1506 615
1507 613
1504 613
1505 612
1508 611
1506 609
1510 612
1511 608
1511 610
1513 607
1513 612
1513 610
1520 606
1516 606
1515 608
1514 609
1522 607
1519 608
1525 605
1524 605
1524 606
1527 605
1530 605
1527 604
1531 604
1534 604
1535 603
1538 604
1538 604
1537 600
1542 602
1538 604
1544 601
1549 603
1546 604
1548 602
1555 606
1557 606
1557 604
1559 606
1556 605
1563 607
1569 607
1563 606
1566 607
1566 606
1567 606
1569 606
1573 608
1573 609
1576 610
1576 609
1576 610
1579 611
1582 609
1577 610
1576 611
1575 611
1578 611
1578 613
1576 611
1578 610
1578 611
1576 607
1578 620
1578 627
1576 636
1575 641
1575 652
1575 658
1575 665
1577 674
1577 686
1575 692
1574 700
1579 708
1572 717
1577 728
1570 734
1573 740
1571 752
1570 759
1574 768
1572 775
1571 773
1573 776
1573 776
1570 777
1572 776
1570 777
1572 774
1573 776
1569 775
1572 775
1571 776
1569 775
1573 776
1576 779
1576 777
1579 781
1578 781
1577 781
1577 781
1581 784
1584 785
1583 787
1579 785
1583 788
1583 793
1584 793
1583 795
1588 793
1588 796
1591 797
1591 798
1593 800
1593 800
1594 804
1593 807
1594 807
1595 811
1591 810
1597 810
1593 812
1596 815
1594 815
1595 817
1595 820
1595 819
1594 822
1594 824
1597 825
1594 828
1596 826
1596 828
1596 832
1593 831
1595 834
1593 834
1593 835
1592 838
1595 842
1592 835
1590 837
1591 842
1589 842
1589 842
1586 841
1589 842
1586 848
1584 847
1584 852
1586 854
1583 853
1581 852
1584 851
1581 853
1570 851
1556 850
1550 851
1539 850
1537 846
1521 843
1511 844
1504 842
1492 840
1483 844
1474 842
1468 839
1455 839
1445 832
1439 835
1425 833
1419 834
1408 833
1395 832
1395 830
1397 830
1392 830
1395 833
1394 831
1390 828
1390 831
1396 831
1392 828
1392 832
1390 831
1386 830
1372 831
1363 831
1353 830
1347 824
1337 823
1324 827
1317 825
1306 818
1299 818
1286 817
1280 820
1266 817
1257 812
1248 815
1240 811
1232 809
1220 810
1211 812
1199 808
1203 811
1200 810
1203 813
1201 808
1201 811
1204 810
1203 810
1201 811
1202 808
1203 810
1203 809
1195 809
1181 806
1174 806
1165 803
1155 805
1138 800
1133 802
1120 800
1114 801
1103 800
1098 796
1084 797
1075 794
1064 793
1060 793
1045 791
1040 791
1027 792
1018 789
1005 787
1009 790
1010 787
1007 786
1009 789
1009 790
1006 787
1008 787
1006 788
1007 786
1010 788
1005 787
997 789
982 784
974 782
965 784
957 784
943 780
935 779
925 776
920 779
905 778
898 778
886 773
878 776
866 773
863 771
850 769
841 769
827 767
819 767
816 765
818 765
817 765
818 765
817 772
816 765
817 766
817 769
817 767
818 765
815 767
806 764
797 765
789 764
780 762
770 762
760 762
750 758
741 758
729 757
720 753
710 752
700 754
694 752
680 750
671 751
661 747
652 751
639 748
633 743
624 745
626 743
626 744
625 743
625 744
625 742
626 746
624 746
624 744
625 745
625 746
623 747
611 744
597 741
587 745
578 741
571 743
559 738
554 737
541 739
536 736
522 733
514 735
502 733
492 731
484 731
483 730
484 734
485 732
483 729
485 728
485 729
484 731
484 729
483 731
483 732
484 731
484 730
487 729
483 730
483 730
484 731
484 732
483 732
483 730
483 729
483 730
484 731
483 731
485 729
482 731
484 733
483 731
486 729
487 727
487 725
489 725
490 723
489 724
493 720
494 723
494 718
493 716
495 714
496 715
495 711
497 711
499 711
497 707
499 709
498 705
500 704
499 704
500 701
501 700
502 697
501 698
502 699
499 693
502 693
500 692
497 691
497 687
502 688
496 684
499 683
498 680
496 682
499 678
499 677
495 676
494 673
495 673
493 670
497 669
494 668
493 664
491 665
492 664
486 661
497 662
490 660
491 659
485 662
487 659
486 655
484 656
485 656
487 657
487 659
486 659
485 656
484 658
482 656
486 657
486 658
484 657
479 661
478 669
478 678
474 684
473 698
480 703
474 712
469 718
476 726
469 738
468 745
461 754
466 760
462 771
467 780
462 788
459 794
456 810
454 814
451 820
452 820
457 820
458 822
456 819
456 821
455 820
455 820
455 820
453 821
459 821
455 820
455 818
459 822
457 818
452 820
454 819
446 820
445 819
450 817
447 815
446 813
438 814
443 812
442 814
438 813
433 814
432 812
430 812
429 812
426 810
425 811
425 811
422 810
419 814
420 809
417 811
416 812
415 811
412 809
409 812
406 811
408 812
403 812
406 810
403 813
397 815
398 815
396 815
393 814
392 815
393 818
389 820
390 819
388 818
387 819
384 821
382 822
380 821
380 822
378 823
378 824
376 825
373 828
376 827
375 828
371 829
373 832
373 833
372 833
373 832
375 830
374 833
376 832
382 833
395 834
397 835
414 840
421 834
433 840
440 841
450 841
460 842
472 843
479 846
489 845
503 848
508 846
519 851
528 851
539 854
548 852
556 855
559 853
560 853
559 853
560 853
558 852
558 854
557 854
561 851
558 853
557 851
558 853
568 853
572 856
587 855
594 859
604 859
618 861
628 860
638 858
648 862
656 867
660 868
676 864
683 869
694 869
704 870
712 864
722 865
734 869
746 869
751 871
751 873
750 871
750 872
749 873
752 872
750 871
750 871
752 873
749 869
750 872
752 871
750 871
767 878
776 878
786 880
796 877
808 881
815 880
825 879
836 879
846 883
858 881
871 884
878 882
890 887
894 886
908 886
915 889
925 891
937 892
946 891
942 891
945 890
944 892
947 891
944 890
944 892
944 891
943 890
943 891
945 890
945 893
946 890
960 892
966 895
982 896
988 898
1001 897
1007 899
1018 899
1032 903
1043 900
1052 901
1060 900
1072 906
1078 907
1091 907
1099 906
1110 908
1121 905
1130 912
1135 912
1134 913
1135 912
1137 912
1135 913
1136 912
1135 912
1136 914
1137 915
1137 915
1138 911
1136 913
1146 914
1155 915
1166 913
1175 918
1185 913
1195 915
1203 921
1211 921
1227 918
1234 923
1245 923
1252 924
1262 926
1270 927
1285 930
1291 930
1302 930
1310 932
1320 934
1326 936
1328 933
1329 934
1329 934
1330 934
1329 936
1327 936
1327 935
1329 934
1330 933
1330 934
1330 935
1337 937
1348 934
1359 937
1367 937
1379 940
1387 941
1396 942
1409 939
1418 945
1426 943
1436 946
1448 951
1459 948
1466 953
1478 953
1484 952
1496 952
1496 955
1494 954
1496 951
1494 953
1495 951
1497 950
1494 951
1496 950
1495 950
1493 954
1495 949
1493 951
1492 957
1495 951
1494 954
1497 951
1495 952
1494 953
1497 950
1494 954
1494 950
1496 953
1494 953
1496 952
1496 952
1495 953
1499 957
1500 953
1498 951
1500 951
1501 950
1507 948
1505 951
1503 949
1507 948
1507 946
1510 946
1511 945
1512 944
1515 944
1514 944
1517 944
1520 942
1520 942
1520 944
1524 942
1523 941
1530 940
1527 942
1531 940
1529 935
1533 938
1536 939
1533 938
1539 938
1541 941
1542 937
1544 939
1544 938
1546 940
1549 940
1547 941
1548 942
1551 942
1556 943
1556 941
1561 941
1563 943
1559 941
1559 940
1562 941
1568 942
1567 942
1571 942
1572 945
1569 944
1576 948
1573 948
1577 945
1573 947
1576 948
1580 947
1577 948
1581 949
1575 948
1577 951
1580 947
1577 950
1575 950
1582 948
1577 951
1581 953
1575 971
1573 970
1572 983
1571 1000
1571 1000
1572 1011
1571 1017
1571 1026
1570 1036
1566 1047
1567 1056
1561 1067
1562 1074
1564 1085
1562 1090
1563 1101
1561 1107
1560 1118
1557 1124
1555 1125
1555 1130
1556 1126
1553 1124
1556 1127
1556 1126
1555 1125
1554 1125
1557 1126
1558 1126
1556 1124
1553 1126
1555 1127
1559 1126
1560 1126
1556 1128
1558 1129
1556 1130
1561 1132
1563 1130
1564 1135
1562 1129
1565 1134
1568 1136
1564 1137
1563 1138
1568 1139
1565 1139
1569 1139
1572 1145
1571 1145
1571 1147
1572 1146
1575 1149
1574 1151
1576 1156
1577 1156
1573 1153
1576 1158
1576 1160
1573 1161
1574 1162
1575 1164
1577 1165
1574 1166
1579 1167
1577 1169
1575 1171
1576 1178
1579 1177
1575 1180
1577 1179
1572 1175
1572 1181
1573 1184
1574 1185
1573 1185
1573 1187
1574 1186
1570 1191
1572 1190
1570 1194
1569 1192
1567 1195
1569 1200
1562 1199
1563 1195
1564 1201
1563 1203
1559 1199
1560 1201
1562 1203
1563 1198
1562 1202
1559 1201
1546 1202
1538 1198
1530 1201
1518 1199
1510 1189
1497 1195
1493 1188
1482 1185
1473 1189
1462 1184
1453 1186
1443 1180
1431 1182
1421 1179
1414 1178
1403 1172
1395 1175
1384 1172
1377 1169
1372 1171
1373 1168
1370 1170
1372 1168
1371 1171
1372 1168
1372 1166
1372 1170
1372 1169
1373 1171
1373 1168
1364 1167
1351 1164
1343 1165
1332 1161
1325 1162
1316 1162
1305 1159
1294 1160
1285 1158
1275 1157
1263 1155
1257 1156
1244 1152
1234 1152
1223 1150
1216 1154
1203 1147
1198 1145
1185 1144
1177 1142
1180 1139
1176 1140
1173 1143
1177 1142
1177 1141
1174 1143
1175 1140
1176 1140
1172 1141
1176 1141
1174 1142
1162 1137
1153 1136
1145 1132
1134 1131
1124 1131
1117 1125
1105 1129
1098 1127
1089 1124
1080 1120
1069 1117
1060 1119
1048 1112
1041 1111
1029 1109
1020 1109
1010 1107
999 1104
992 1105
986 1106
985 1103
984 1107
986 1107
983 1104
985 1105
985 1105
985 1108
985 1106
982 1105
986 1106
978 1101
967 1102
953 1099
945 1098
934 1093
925 1094
916 1089
910 1088
897 1086
890 1086
874 1084
867 1085
855 1083
849 1081
837 1076
829 1076
820 1072
809 1073
798 1070
792 1072
789 1068
789 1066
789 1070
790 1071
790 1063
789 1071
788 1073
791 1065
791 1068
790 1067
791 1071
784 1066
773 1067
763 1064
754 1064
743 1060
736 1061
724 1059
718 1058
703 1055
692 1053
683 1053
678 1053
665 1047
658 1049
645 1045
640 1044
625 1040
619 1040
608 1038
599 1039
599 1036
597 1038
597 1036
596 1036
599 1035
595 1038
598 1039
597 1036
598 1037
598 1039
596 1036
586 1034
575 1032
567 1032
558 1032
547 1027
537 1026
525 1023
519 1022
509 1023
500 1022
488 1021
482 1018
471 1014
461 1016
456 1012
445 1012
429 1007
424 1007
414 1006
409 1002
411 1004
411 1003
412 1001
411 1001
409 1003
411 1002
411 1005
410 1005
412 1001
409 1005
407 1003
393 1004
387 1001
377 998
367 996
358 993
349 992
343 992
340 994
342 996
341 993
341 993
343 994
343 990
340 992
342 995
342 994
342 992
341 993
342 994
341 995
342 992
341 992
342 993
342 993
342 991
340 992
341 989
342 994
343 989
341 992
341 994
343 993
341 994
344 990
346 987
346 985
345 986
348 985
349 982
345 983
350 981
351 979
354 977
352 978
353 976
356 976
356 972
355 972
356 972
356 970
358 968
359 965
357 965
359 963
357 959
361 958
358 955
360 956
360 957
362 953
362 954
359 949
363 950
361 947
363 948
362 946
361 944
357 941
360 942
356 939
357 937
360 936
357 935
357 935
357 932
356 934
354 930
355 928
353 928
349 928
352 924
355 921
346 918
350 916
354 917
346 917
343 916
344 913
345 915
346 915
351 918
347 918
348 915
348 915
345 915
346 915
342 916
348 914
346 918
348 927
340 939
338 943
337 957
336 963
334 970
330 979
331 993
324 998
324 1007
322 1018
319 1026
319 1033
315 1040
313 1052
310 1059
306 1069
306 1076
307 1083
303 1081
304 1082
302 1081
303 1082
303 1082
303 1081
303 1081
304 1084
304 1083
307 1084
304 1084
306 1083
304 1082
304 1081
304 1079
300 1080
301 1082
296 1080
297 1077
293 1079
296 1075
294 1077
292 1075
290 1076
289 1072
291 1071
285 1075
285 1072
285 1068
283 1070
281 1072
279 1071
276 1069
274 1071
273 1071
270 1068
269 1068
269 1068
265 1067
266 1068
262 1068
258 1068
256 1068
256 1067
256 1069
251 1069
252 1070
249 1072
249 1070
251 1070
246 1072
243 1073
244 1073
241 1073
239 1072
238 1072
235 1075
234 1075
233 1074
232 1075
229 1077
228 1079
226 1081
226 1078
225 1081
222 1083
224 1081
223 1084
220 1085
220 1083
220 1087
223 1085
222 1085
233 1089
241 1090
250 1092
262 1095
268 1092
282 1099
289 1099
299 1100
306 1104
318 1104
326 1103
336 1107
345 1108
355 1109
367 1115
374 1114
387 1120
396 1117
406 1119
406 1120
405 1120
405 1118
404 1120
405 1117
407 1118
405 1121
404 1119
405 1119
405 1120
404 1119
412 1120
423 1124
432 1128
441 1125
453 1126
460 1129
472 1134
483 1135
491 1134
501 1138
511 1137
523 1144
529 1141
542 1144
549 1146
560 1150
569 1149
578 1152
587 1154
594 1158
595 1158
596 1157
595 1156
595 1155
596 1156
596 1159
593 1156
595 1157
594 1156
596 1154
594 1154
609 1158
621 1163
627 1160
638 1162
648 1162
659 1169
667 1168
679 1167
689 1173
697 1171
705 1176
717 1178
724 1177
739 1177
745 1181
756 1184
764 1184
774 1186
782 1186
790 1190
789 1190
788 1191
788 1192
787 1192
784 1189
788 1191
785 1193
790 1189
789 1189
789 1192
792 1190
801 1193
815 1193
822 1194
836 1193
840 1197
853 1202
861 1202
871 1201
880 1203
893 1206
900 1208
911 1208
920 1213
931 1214
938 1213
951 1218
963 1219
970 1221
982 1225
983 1225
981 1222
984 1225
984 1224
981 1228
979 1225
984 1222
981 1222
984 1222
982 1226
983 1223
992 1223
1000 1226
1011 1228
1024 1230
1031 1232
1040 1231
1050 1236
1062 1239
1072 1239
1081 1241
1090 1241
1100 1246
1109 1248
1121 1247
1129 1247
1140 1253
1146 1251
1158 1258
1165 1260
1174 1262
1173 1260
1174 1261
1173 1260
1172 1262
1171 1260
1172 1259
1174 1261
1173 1261
1173 1260
1174 1260
1177 1258
1190 1262
1200 1261
1209 1262
1219 1269
1229 1268
1241 1272
1245 1272
1258 1272
1265 1277
1274 1281
1285 1280
1294 1284
1305 1285
1314 1286
1324 1288
1336 1291
1342 1290
1354 1294
1362 1298
1367 1297
1365 1297
1366 1295
1364 1297
1365 1298
1365 1296
1365 1300
1362 1297
1366 1299
1363 1298
1366 1295
1379 1296
1387 1300
1394 1302
1405 1307
1417 1304
1422 1310
1435 1311
1442 1314
1455 1317
1463 1315
1476 1320
1483 1321
1493 1323
1499 1324
1510 1328
1523 1326
1533 1327
1543 1333
1547 1334
1552 1337
1552 1335
1553 1333
1553 1336
1553 1334
1552 1336
1551 1334
1553 1333
1553 1335
1551 1336
1550 1335
1550 1336
1554 1333
1551 1337
1554 1334
1550 1335
1553 1337
1553 1335
1554 1333
1552 1336
1552 1335
1551 1336
1554 1334
1554 1334
1553 1337
1552 1335
1552 1336
1553 1333
1555 1333
1558 1333
1559 1330
1564 1324
1562 1329
1562 1328
1566 1325
1566 1326
1566 1325
1571 1322
1570 1323
1573 1322
1573 1324
1575 1322
1581 1319
1581 1321
1577 1324
1579 1321
1583 1320
1586 1319
1589 1320
1589 1321
1593 1319
1593 1319
1597 1319
1598 1321
1601 1319
1600 1319
1601 1319
1601 1318
1606 1321
1603 1322
1609 1320
1609 1320
1610 1320
1611 1321
1617 1325
1616 1321
1614 1325
1620 1324
1626 1326
1623 1328
1624 1328
1621 1325
1625 1329
1627 1330
1629 1329
1630 1333
1628 1330
1636 1331
1637 1336
1635 1334
1636 1336
1636 1335
1637 1338
1636 1335
1635 1337
1637 1336
1640 1334
1637 1337
1636 1335
1638 1335
1636 1337
1632 1338
1634 1349
1631 1358
1631 1364
1626 1380
1624 1388
1623 1396
1620 1409
1622 1414
1620 1425
1614 1430
1613 1443
1612 1447
1605 1460
1603 1465
1606 1476
1601 1484
1599 1496
1599 1502
1593 1509
1594 1511
1592 1513
1595 1510
1594 1514
1595 1511
1595 1512
1594 1513
1595 1511
1595 1512
1592 1512
1594 1511
1594 1512
1592 1511
1594 1513
1595 1517
1596 1514
1598 1516
1597 1520
1599 1519
1599 1521
1601 1524
1602 1524
1602 1524
1603 1526
1604 1526
1605 1530
1604 1529
1607 1531
1604 1530
1606 1532
1609 1534
1609 1534
1608 1539
1609 1542
1607 1539
1607 1544
1609 1543
1610 1544
1612 1547
1610 1551
1612 1554
1612 1554
1610 1554
1609 1555
1609 1556
1612 1561
1611 1564
1610 1565
1608 1564
1606 1566
1606 1567
1604 1571
1605 1570
1603 1570
1603 1571
1603 1575
1602 1581
1602 1579
1598 1580
1599 1579
1597 1580
1597 1583
1596 1585
1595 1583
1596 1586
1593 1583
1594 1589
1594 1592
1592 1590
1591 1589
1592 1592
1591 1589
1592 1591
1586 1590
1571 1588
1565 1586
1555 1581
1549 1581
1536 1581
1525 1575
1519 1576
1506 1571
1497 1568
1488 1569
1481 1563
1468 1561
1461 1559
1450 1553
1441 1555
1432 1553
1424 1550
1412 1547
1407 1545
1406 1545
1406 1544
1407 1544
1406 1545
1405 1544
1407 1546
1406 1544
1405 1545
1405 1549
1407 1543
1406 1545
1396 1545
1387 1541
1375 1543
1367 1536
1357 1537
1349 1535
1335 1530
1327 1532
1317 1525
1309 1527
1298 1520
1292 1519
1280 1519
1271 1517
1258 1515
1251 1511
1238 1509
1231 1508
1219 1506
1216 1503
1213 1503
1214 1505
1214 1502
1211 1505
1215 1505
1214 1503
1215 1504
1215 1502
1209 1506
1214 1504
1213 1503
1204 1501
1194 1500
1184 1496
1176 1496
1167 1491
1157 1487
1145 1485
1139 1483
1127 1479
1121 1476
1110 1472
1101 1472
1091 1468
1077 1464
1068 1463
1057 1460
1051 1456
1038 1451
1030 1453
1023 1453
1025 1451
1023 1452
1024 1450
1027 1452
1024 1453
1024 1450
1025 1452
1026 1453
1026 1450
1024 1451
1025 1447
1013 1449
1006 1446
993 1441
983 1440
973 1436
961 1436
954 1434
945 1434
935 1429
924 1426
914 1423
905 1421
897 1418
886 1415
878 1416
867 1412
857 1409
849 1404
840 1403
835 1400
835 1401
832 1402
834 1403
834 1399
833 1405
835 1401
833 1401
834 1402
836 1404
836 1403
837 1401
827 1401
810 1397
805 1395
791 1391
785 1392
772 1387
766 1386
752 1382
749 1380
735 1376
732 1373
717 1373
708 1371
697 1366
685 1365
677 1362
667 1364
658 1356
647 1358
642 1354
642 1353
641 1357
642 1353
641 1356
642 1356
641 1356
643 1354
643 1354
643 1354
638 1355
641 1355
639 1353
619 1350
612 1347
602 1343
591 1344
582 1339
572 1339
564 1334
551 1333
546 1329
535 1328
525 1326
513 1325
509 1321
494 1318
497 1319
497 1318
497 1318
497 1320
494 1317
497 1319
497 1319
496 1317
496 1319
499 1317
496 1319
495 1319
495 1317
495 1317
495 1320
496 1319
496 1318
498 1318
494 1317
498 1318
496 1318
497 1319
496 1317
496 1318
497 1319
499 1318
497 1314
496 1315
497 1315
502 1314
501 1313
502 1311
502 1309
501 1310
505 1306
503 1306
504 1304
508 1305
509 1305
509 1300
508 1303
512 1300
511 1300
512 1299
514 1295
515 1293
517 1293
516 1287
516 1291
514 1287
514 1285
516 1283
517 1283
518 1280
520 1279
517 1275
518 1276
519 1273
520 1274
519 1274
514 1270
517 1267
519 1267
517 1265
516 1263
516 1263
516 1261
514 1257
512 1257
514 1255
515 1256
513 1253
512 1252
510 1251
512 1248
514 1249
509 1248
508 1244
506 1245
505 1242
504 1239
508 1241
506 1240
509 1241
506 1240
503 1241
503 1241
503 1238
503 1241
503 1241
502 1240
502 1246
498 1255
497 1264
495 1271
492 1283
487 1289
488 1299
484 1306
479 1318
478 1324
478 1334
477 1343
471 1352
473 1363
468 1366
463 1374
462 1385
460 1395
460 1403
455 1413
452 1410
456 1412
452 1408
456 1411
454 1412
455 1412
450 1412
455 1410
455 1410
455 1413
453 1411
455 1412
454 1413
451 1411
449 1410
450 1410
450 1406
447 1405
451 1403
445 1403
446 1404
441 1404
442 1405
439 1400
439 1401
435 1401
435 1397
433 1398
435 1396
431 1397
426 1398
426 1398
427 1392
422 1396
420 1395
417 1395
419 1393
416 1396
416 1394
414 1394
411 1393
410 1394
410 1392
406 1392
406 1394
403 1392
400 1395
399 1393
398 1394
397 1395
395 1394
393 1397
388 1395
385 1395
385 1396
385 1394
384 1397
381 1397
381 1397
378 1399
377 1398
377 1398
374 1405
372 1402
372 1403
370 1406
368 1406
367 1406
367 1409
368 1408
369 1407
367 1408
367 1407
380 1410
392 1415
399 1413
408 1419
418 1424
431 1423
439 1426
447 1427
456 1431
468 1430
476 1434
487 1438
495 1440
507 1442
514 1448
526 1449
533 1447
543 1452
553 1454
555 1456
556 1454
554 1455
555 1454
555 1454
557 1452
554 1456
554 1453
557 1454
553 1453
555 1455
570 1456
580 1460
589 1466
596 1465
608 1462
615 1465
625 1471
634 1473
647 1479
649 1481
666 1476
672 1482
683 1485
691 1490
705 1486
712 1492
721 1494
733 1495
743 1500
747 1504
746 1500
746 1499
745 1501
746 1499
746 1501
745 1503
750 1502
745 1502
747 1498
749 1504
747 1502
759 1504
770 1503
782 1510
788 1515
799 1512
806 1516
816 1515
830 1520
837 1522
853 1524
856 1525
869 1529
877 1529
888 1533
896 1536
907 1537
915 1539
925 1544
935 1543
938 1545
937 1546
938 1544
937 1547
937 1545
938 1544
940 1546
938 1544
938 1547
937 1545
935 1545
950 1548
961 1550
972 1552
978 1554
989 1557
995 1558
1007 1565
1015 1566
1026 1566
1035 1570
1048 1571
1054 1572
1065 1575
1074 1576
1088 1582
1092 1585
1105 1583
1112 1585
1121 1589
1129 1589
1131 1588
1132 1590
1131 1589
1126 1593
1131 1590
1129 1590
1128 1589
1129 1590
1131 1589
1127 1590
1131 1590
1143 1591
1149 1595
1161 1598
1168 1596
1178 1605
1185 1605
1199 1607
1205 1610
1216 1612
1223 1613
1237 1616
1241 1622
1255 1624
1264 1624
1272 1629
1279 1632
1292 1632
1301 1634
1311 1637
1320 1642
1319 1640
1319 1640
1318 1641
1318 1641
1319 1639
1317 1641
1318 1641
1317 1639
1318 1641
1318 1641
1320 1639
1332 1642
1345 1645
1355 1648
1362 1650
1370 1654
1377 1659
1392 1659
1395 1661
1410 1664
1416 1666
1427 1669
1434 1673
1445 1676
1457 1675
1455 1679
1455 1677
1454 1680
1457 1677
1456 1677
1456 1676
1456 1677
1456 1676
1454 1675
1454 1676
1454 1677
1458 1677
1453 1677
1452 1679
1454 1675
1456 1676
1457 1676
1454 1678
1455 1675
1456 1676
1456 1677
1453 1678
1457 1679
1456 1676
1457 1677
1456 1676
1459 1677
1458 1675
1460 1674
1463 1674
1463 1674
1464 1674
1467 1672
1467 1672
1472 1673
1473 1670
1471 1669
1472 1670
1474 1670
1474 1669
1480 1668
1480 1667
1483 1666
1485 1663
1486 1666
1488 1665
1487 1665
1493 1667
1494 1666
1494 1665
1499 1664
1498 1665
1500 1664
1502 1666
1502 1667
1504 1665
1507 1667
1510 1667
1510 1665
1510 1666
1513 1667
1516 1666
1518 1668
1516 1668
1521 1669
1520 1671
1526 1671
1524 1671
1524 1673
1529 1675
1529 1675
1528 1678
1529 1677
1532 1677
1536 1682
1536 1679
1533 1681
1535 1681
1534 1683
1536 1685
1538 1684
1537 1687
1537 1687
1535 1685
1538 1684
1538 1686
1536 1684
1537 1683
1539 1683
1536 1686
1536 1683
1535 1692
1532 1706
1533 1718
1526 1724
1525 1733
1519 1736
1516 1753
1515 1759
1512 1770
1509 1779
1507 1790
1504 1793
1499 1803
1499 1812
1494 1822
1492 1832
1489 1842
1488 1849
1485 1859
1483 1858
1484 1863
1483 1863
1485 1861
1483 1860
1481 1861
1485 1861
1483 1857
1484 1862
1486 1859
1484 1858
1484 1861
1485 1862
1482 1858
1487 1861
1483 1857
1480 1862
1483 1862
1481 1860
1484 1861
1485 1861
1481 1862
1485 1861
1484 1859
1481 1862
1485 1861
1484 1863
1486 1864
1489 1865
1487 1867
1488 1869
1490 1869
1492 1872
1492 1871
1490 1873
1492 1873
1496 1876
1494 1876
1491 1876
1496 1879
1496 1880
1494 1882
1490 1884
1497 1884
1493 1886
1494 1888
1494 1888
1497 1893
1497 1894
1494 1892
1495 1894
1496 1895
1497 1900
1498 1902
1498 1902
1496 1899
1492 1904
1493 1910
1493 1911
1496 1914
1492 1916
1494 1911
1492 1921
1487 1918
1488 1918
1490 1920
1486 1921
1488 1923
1484 1924
1485 1922
1485 1923
1485 1928
1484 1928
1481 1929
1480 1930
1479 1932
1475 1932
1475 1935
1474 1933
1475 1935
1472 1934
1471 1934
1473 1932
1472 1932
1474 1934
1470 1933
1475 1931
1475 1932
1471 1934
1473 1931
1472 1933
1472 1935
1474 1935
1473 1931
1473 1932
1475 1932
1470 1934
1472 1933
1469 1935
1455 1929
1448 1927
1434 1924
1423 1922
1416 1918
1409 1912
1399 1911
1388 1911
1383 1909
1371 1907
1362 1904
1350 1901
1346 1896
1333 1894
1325 1893
1315 1888
1309 1890
1297 1881
1290 1882
1290 1883
1294 1882
1290 1880
1291 1883
1290 1879
1288 1882
1291 1879
1289 1881
1289 1884
1291 1881
1290 1883
1272 1875
1266 1875
1256 1876
1248 1868
1239 1866
1231 1862
1222 1860
1213 1858
1204 1853
1192 1854
1184 1846
1172 1848
1161 1843
1156 1842
1144 1838
1136 1837
1126 1835
1114 1833
1106 1830
1101 1827
1102 1828
1103 1827
1104 1827
1104 1828
1103 1827
1103 1826
1104 1827
1105 1826
1104 1830
1105 1825
1098 1828
1081 1822
1076 1819
1065 1816
1059 1815
1045 1810
1040 1808
1026 1804
1016 1803
1011 1800
994 1795
989 1794
977 1790
972 1788
963 1783
953 1783
940 1780
934 1775
922 1770
915 1770
915 1771
914 1771
915 1770
914 1773
914 1773
916 1770
913 1771
913 1769
916 1771
913 1770
909 1767
895 1765
889 1761
875 1759
870 1755
859 1751
851 1748
842 1746
833 1743
824 1741
815 1738
803 1736
796 1735
783 1729
777 1725
767 1722
758 1722
746 1720
737 1716
728 1710
725 1712
727 1711
727 1712
725 1711
727 1711
726 1714
726 1709
727 1711
726 1714
725 1713
725 1713
719 1712
707 1703
695 1705
687 1697
678 1699
666 1692
660 1694
649 1686
642 1685
632 1680
621 1679
612 1675
604 1672
594 1670
586 1667
572 1666
567 1661
557 1658
543 1656
537 1654
540 1655
536 1654
540 1653
541 1656
540 1654
538 1656
540 1655
540 1654
537 1655
539 1653
537 1654
530 1650
515 1645
511 1643
497 1640
492 1637
480 1633
469 1634
460 1628
449 1624
443 1623
431 1620
426 1619
415 1614
408 1609
393 1610
388 1606
375 1602
369 1597
358 1596
357 1592
355 1594
355 1594
358 1593
357 1594
356 1595
357 1595
354 1594
356 1595
357 1595
357 1594
348 1593
336 1588
330 1587
316 1583
310 1579
298 1576
293 1572
282 1568
277 1567
262 1564
258 1562
247 1556
240 1556
227 1556
220 1550
211 1548
205 1542
192 1541
186 1537
176 1535
178 1534
178 1533
177 1534
179 1535
180 1532
181 1537
179 1534
179 1533
180 1536
177 1535
176 1534
164 1529
156 1523
147 1524
138 1519
127 1517
120 1514
106 1510
96 1506
92 1502
87 1499
81 1502
82 1502
82 1502
80 1503
83 1505
85 1504
81 1503
80 1501
80 1501
82 1504
83 1502
82 1503
80 1501
81 1504
82 1500
79 1501
79 1504
82 1502
81 1503
89 1501
100 1507
101 1512
118 1514
122 1514
134 1520
144 1525
152 1525
162 1529
169 1531
183 1533
184 1540
197 1541
207 1542
210 1547
211 1549
212 1546
211 1549
211 1548
211 1546
210 1548
211 1547
210 1548
213 1549
211 1545
209 1550
211 1547
215 1544
211 1549
212 1550
208 1547
208 1547
207 1548
206 1552
206 1550
207 1551
202 1554
202 1556
200 1555
197 1557
197 1554
196 1558
193 1555
190 1556
188 1558
186 1557
187 1558
186 1560
184 1560
186 1558
179 1560
178 1559
173 1559
172 1560
170 1560
169 1558
166 1557
166 1557
163 1555
165 1555
161 1553
159 1554
158 1552
158 1554
154 1553
151 1552
153 1553
152 1552
147 1548
145 1547
148 1549
144 1548
142 1545
139 1543
140 1545
139 1544
137 1541
137 1541
140 1540
136 1540
136 1539
133 1538
133 1538
132 1536
134 1536
130 1537
127 1536
134 1538
135 1535
132 1535
131 1536
133 1536
130 1535
133 1536
130 1533
137 1521
138 1515
142 1506
148 1496
149 1491
153 1481
157 1475
160 1460
162 1455
166 1445
170 1438
170 1427
170 1420
175 1411
182 1407
189 1396
190 1386
194 1380
197 1370
194 1372
195 1369
198 1370
193 1371
194 1371
195 1369
198 1370
194 1371
193 1370
196 1369
195 1369
192 1369
193 1369
196 1369
195 1369
194 1369
194 1366
193 1363
195 1364
193 1361
193 1361
191 1359
194 1360
191 1357
187 1356
188 1353
190 1354
189 1354
187 1350
189 1348
186 1347
187 1347
187 1346
186 1344
185 1343
185 1343
186 1340
186 1336
187 1336
187 1337
186 1334
186 1332
185 1333
187 1327
189 1327
186 1326
188 1326
186 1322
189 1321
189 1324
188 1317
190 1318
191 1316
193 1314
193 1311
193 1310
197 1310
196 1308
200 1304
199 1301
202 1302
202 1299
202 1300
204 1298
206 1298
206 1300
204 1297
210 1294
210 1295
210 1291
210 1294
211 1291
210 1292
211 1293
213 1294
221 1296
234 1297
239 1301
253 1306
258 1309
268 1310
280 1318
283 1319
295 1326
303 1325
312 1330
319 1331
330 1335
337 1344
347 1343
352 1347
363 1351
370 1353
383 1356
385 1357
384 1355
384 1357
385 1357
384 1355
383 1360
383 1356
384 1354
384 1356
383 1356
384 1357
394 1361
407 1366
416 1366
425 1372
432 1374
444 1378
452 1380
463 1386
469 1387
479 1392
487 1394
498 1396
507 1399
518 1404
521 1408
536 1410
543 1411
553 1417
561 1422
570 1423
565 1424
569 1423
568 1422
567 1424
566 1424
567 1422
566 1422
566 1423
565 1421
569 1422
568 1422
575 1425
586 1432
593 1436
606 1437
614 1436
626 1441
630 1444
641 1450
651 1450
661 1452
668 1460
676 1466
692 1469
696 1469
709 1475
711 1477
728 1480
735 1485
745 1485
750 1491
752 1489
746 1491
749 1490
750 1490
748 1491
751 1492
752 1491
749 1488
750 1490
748 1490
752 1491
764 1499
774 1497
790 1504
791 1507
806 1511
814 1514
825 1516
827 1520
841 1522
851 1525
860 1530
870 1534
881 1535
886 1541
895 1546
903 1547
914 1548
922 1555
933 1558
934 1558
935 1559
934 1559
932 1558
931 1558
933 1562
933 1558
934 1561
934 1559
935 1558
934 1562
942 1563
961 1565
962 1566
976 1575
983 1574
991 1579
1000 1584
1010 1589
1016 1589
1026 1596
1035 1597
1049 1602
1055 1606
1065 1610
1071 1611
1085 1619
1093 1621
1101 1619
1111 1627
1118 1629
1118 1629
1116 1630
1117 1626
1115 1629
1117 1632
1117 1631
1117 1631
1116 1632
1117 1631
1115 1630
1120 1628
1129 1635
1141 1640
1148 1644
1161 1644
1165 1649
1176 1653
1188 1658
1196 1660
1207 1665
1214 1667
1227 1675
1233 1674
1240 1680
1249 1685
1259 1688
1267 1693
1275 1693
1286 1694
1296 1701
1296 1702
1297 1702
1299 1702
1295 1703
1300 1702
1296 1702
1297 1702
1296 1701
1296 1703
1298 1701
1298 1702
1309 1705
1317 1710
1327 1713
1338 1718
1344 1719
1355 1723
1357 1729
1373 1732
1379 1734
1391 1739
1397 1741
1407 1747
1415 1749
1424 1754
1430 1758
1441 1760
1451 1764
1460 1769
1471 1773
1477 1776
1476 1775
1477 1773
1475 1777
1473 1775
1475 1774
1477 1775
1476 1776
1474 1776
1477 1776
1473 1773
1479 1776
1488 1780
1500 1784
1507 1788
1516 1794
1526 1794
1534 1800
1543 1804
1549 1806
1566 1809
1571 1814
1582 1818
1579 1819
1579 1820
1582 1817
1582 1820
1580 1816
1580 1816
1580 1818
1582 1816
1582 1818
1580 1818
1582 1816
1580 1819
1579 1817
1581 1818
1578 1818
1580 1816
1578 1816
1580 1819
1580 1815
1582 1816
1581 1818
1580 1816
1582 1816
1579 1818
1580 1817
1579 1819
1583 1816
1581 1818
1577 1821
1572 1821
1575 1820
1571 1820
1573 1820
1573 1819
1568 1826
1568 1827
1563 1829
1561 1828
1568 1828
1567 1828
1563 1828
1563 1831
1561 1831
1560 1834
1558 1837
1559 1838
1559 1838
1558 1840
1559 1841
1556 1844
1555 1844
1555 1846
1552 1846
1555 1846
1553 1851
1550 1852
1552 1857
1553 1857
1552 1857
1551 1861
1549 1861
1552 1863
1552 1866
1554 1866
1551 1869
1550 1868
1554 1869
1552 1872
1550 1872
1553 1878
1553 1877
1552 1877
1550 1879
1552 1880
1555 1884
1553 1884
1555 1886
1552 1887
1555 1889
1557 1892
1559 1894
1556 1892
1558 1893
1558 1892
1557 1893
1560 1891
1558 1890
1554 1893
1557 1892
1556 1893
1558 1891
1564 1881
1565 1870
1572 1864
1576 1857
1582 1848
1585 1841
1588 1832
1592 1823
1598 1814
1601 1804
1605 1797
1606 1790
1615 1780
1615 1773
1621 1765
1625 1753
1631 1748
1633 1733
1639 1729
1637 1728
1638 1728
1636 1728
1637 1729
1636 1729
1638 1729
1635 1728
1637 1727
1637 1729
1636 1728
1638 1728
1638 1728
1637 1730
1636 1727
1635 1729
1639 1728
1639 1729
1639 1729
1640 1731
1641 1735
1642 1738
1645 1738
1648 1737
1646 1740
1646 1741
1648 1744
1649 1746
1653 1742
1657 1746
1655 1749
1657 1748
1661 1750
1664 1751
1663 1750
1669 1750
1665 1754
1665 1754
1670 1754
1671 1755
1673 1756
1672 1752
1674 1755
1678 1757
1682 1755
1682 1754
1683 1755
1684 1753
1686 1757
1691 1754
1689 1753
1691 1755
1692 1752
1696 1753
1695 1752
1699 1754
1700 1754
1706 1751
1706 1752
1706 1752
1709 1749
1707 1751
1711 1750
1709 1749
1716 1748
1713 1748
1715 1745
1716 1745
1718 1744
1721 1748
1721 1745
1723 1743
1723 1744
1722 1744
1721 1746
1722 1744
1719 1741
1708 1737
1696 1733
1688 1729
1680 1726
1670 1719
1660 1716
1656 1713
1643 1710
1638 1708
1626 1708
1615 1702
1608 1700
1599 1692
1589 1693
1583 1688
1573 1684
1561 1679
1555 1679
1550 1673
1549 1671
1549 1674
1549 1675
1551 1671
1549 1675
1551 1676
1551 1672
1550 1675
1549 1671
1551 1672
1547 1676
1535 1666
1529 1667
1517 1664
1509 1661
1499 1656
1488 1651
1480 1649
1472 1645
1465 1641
1450 1636
1445 1631
1436 1633
1428 1627
1416 1622
1409 1618
1398 1613
1389 1614
1379 1609
1374 1607
1368 1606
1371 1605
1370 1607
1374 1602
1372 1604
1372 1608
1371 1603
1372 1608
1370 1606
1369 1604
1370 1604
1361 1599
1350 1598
1344 1592
1332 1588
1325 1586
1314 1582
1302 1577
1298 1576
1286 1574
1278 1571
1266 1566
1259 1564
1246 1563
1240 1558
1228 1554
1221 1548
1210 1546
1203 1540
1195 1540
1190 1534
1188 1537
1190 1534
1189 1535
1187 1534
1190 1534
1189 1538
1188 1538
1189 1536
1188 1537
1190 1537
1185 1536
1173 1528
1165 1525
1156 1519
1148 1516
1141 1511
1132 1507
1119 1506
1114 1503
1104 1498
1091 1496
1084 1491
1071 1486
1065 1481
1055 1475
1045 1475
1037 1472
1029 1466
1016 1465
1011 1460
1008 1458
1008 1461
1008 1462
1008 1461
1009 1461
1008 1457
1007 1461
1008 1461
1008 1458
1005 1460
1008 1462
1000 1455
991 1453
982 1451
974 1446
964 1442
956 1439
945 1436
936 1432
927 1424
918 1426
909 1419
902 1417
891 1415
880 1412
872 1402
863 1403
856 1399
849 1396
835 1391
822 1388
826 1388
825 1390
822 1386
828 1386
826 1388
824 1386
825 1389
822 1387
827 1388
825 1391
821 1387
813 1385
805 1379
796 1376
787 1375
777 1369
769 1364
758 1361
748 1347
739 1355
732 1355
724 1350
716 1343
704 1343
693 1337
682 1331
674 1330
665 1326
653 1321
646 1320
643 1317
643 1317
643 1318
644 1316
646 1318
644 1317
645 1317
643 1317
646 1315
644 1317
644 1317
645 1318
635 1312
621 1309
616 1304
605 1301
597 1296
582 1293
581 1289
567 1285
562 1283
551 1277
541 1275
531 1273
522 1270
514 1262
505 1261
496 1257
487 1255
482 1251
484 1251
484 1252
484 1252
485 1249
484 1251
485 1251
484 1251
481 1255
486 1250
484 1251
484 1251
484 1249
485 1251
484 1253
486 1250
482 1253
483 1252
482 1252
482 1252
484 1250
484 1252
484 1253
485 1247
483 1253
484 1253
484 1249
479 1253
480 1252
479 1254
476 1255
473 1255
469 1256
475 1255
471 1257
469 1256
469 1255
469 1257
466 1258
463 1257
461 1258
460 1257
456 1259
454 1257
451 1259
450 1258
450 1256
449 1259
447 1257
446 1257
449 1259
439 1256
440 1259
438 1258
441 1257
435 1253
433 1255
432 1256
433 1256
428 1252
427 1254
425 1252
427 1252
423 1252
423 1248
424 1250
423 1249
415 1249
416 1247
417 1244
414 1245
414 1243
411 1242
411 1241
412 1242
407 1242
402 1239
406 1239
404 1236
406 1234
403 1234
402 1234
407 1235
401 1234
402 1233
403 1232
403 1234
406 1235
401 1234
401 1234
406 1234
405 1228
413 1218
414 1211
418 1201
420 1193
428 1188
432 1178
439 1171
443 1160
443 1156
452 1145
454 1139
456 1129
460 1121
464 1110
471 1107
472 1095
477 1088
482 1081
486 1072
488 1074
487 1074
488 1073
487 1074
488 1077
487 1074
487 1074
486 1075
486 1074
487 1074
486 1071
487 1073
487 1073
489 1074
489 1075
485 1074
484 1069
484 1070
483 1068
484 1065
482 1064
482 1064
482 1062
482 1062
481 1058
481 1059
480 1059
481 1056
479 1054
480 1051
478 1050
479 1050
478 1045
478 1046
478 1042
477 1043
480 1042
484 1041
480 1037
481 1038
483 1037
484 1036
482 1033
484 1034
486 1030
485 1032
485 1028
485 1027
485 1026
487 1025
487 1022
488 1019
488 1022
488 1018
490 1018
493 1017
492 1017
492 1015
492 1015
495 1013
493 1009
494 1010
498 1010
501 1010
498 1006
500 1006
500 1005
502 1003
502 1003
505 1004
504 1003
505 999
504 1002
508 998
506 1001
511 1006
528 1010
533 1012
545 1020
550 1023
560 1027
567 1029
577 1034
582 1039
596 1043
605 1047
610 1050
622 1053
632 1054
642 1062
649 1066
658 1068
667 1074
678 1077
676 1080
678 1079
676 1082
677 1079
675 1078
679 1080
678 1080
679 1077
676 1080
677 1079
677 1078
682 1086
699 1089
705 1092
715 1095
724 1098
734 1103
740 1105
748 1111
754 1114
768 1118
774 1123
784 1129
790 1129
802 1135
808 1140
821 1143
829 1148
838 1152
850 1152
853 1159
852 1161
850 1159
853 1162
853 1162
852 1159
854 1161
854 1158
854 1159
854 1159
855 1159
858 1164
870 1165
874 1171
883 1173
897 1178
902 1183
915 1188
921 1188
932 1195
937 1198
948 1203
959 1206
966 1211
977 1218
985 1219
997 1222
1003 1225
1012 1231
1020 1234
1029 1239
1030 1239
1031 1238
1031 1239
1031 1239
1031 1238
1029 1241
1029 1237
1030 1239
1030 1241
1030 1237
1030 1241
1038 1243
1048 1248
1058 1253
1068 1259
1073 1260
1089 1266
1095 1269
1107 1274
1112 1279
1120 1288
1131 1284
1143 1291
1148 1297
1161 1299
1166 1300
1176 1308
1183 1312
1191 1319
1197 1324
1205 1325
1209 1323
1207 1322
1206 1325
1204 1323
1206 1325
1207 1324
1207 1323
1206 1325
1206 1325
1208 1321
1213 1323
1220 1331
1231 1332
1239 1338
1247 1345
1254 1349
1264 1353
1270 1358
1282 1360
1289 1365
1300 1368
1304 1374
1318 1380
1326 1381
1336 1385
1340 1390
1351 1394
1358 1398
1371 1404
1378 1412
1377 1410
1381 1409
1380 1409
1377 1410
1379 1410
1378 1410
1380 1411
1380 1410
1379 1411
1379 1410
1380 1408
1385 1409
1394 1417
1398 1421
1407 1425
1418 1431
1428 1432
1436 1439
1445 1443
1452 1448
1460 1452
1472 1456
1482 1463
1487 1466
1502 1468
1505 1472
1518 1479
1523 1481
1533 1490
1541 1490
1551 1495
1551 1495
1549 1496
1549 1497
1551 1495
1551 1494
1550 1497
1553 1495
1552 1495
1548 1495
1552 1495
1549 1499
1562 1499
1572 1507
1577 1511
1590 1515
1597 1517
1603 1518
1601 1523
1597 1523
1601 1522
1601 1519
1601 1519
1602 1522
1600 1521
1600 1521
1600 1520
1601 1521
1599 1524
1600 1521
1600 1522
1603 1522
1601 1521
1601 1520
1602 1523
1599 1523
1600 1521
1602 1523
1599 1523
1602 1522
1600 1520
1600 1521
1602 1522
1599 1524
1600 1522
1596 1525
1595 1526
1594 1525
1597 1526
1593 1529
1589 1528
1590 1531
1595 1529
1586 1532
1586 1533
1585 1532
1586 1534
1586 1534
1580 1535
1581 1537
1583 1537
1579 1540
1576 1540
1576 1543
1578 1544
1575 1545
1573 1544
1574 1544
1576 1546
1574 1549
1572 1550
1570 1549
1572 1550
1569 1555
1567 1554
1569 1555
1569 1553
1569 1557
1567 1560
1567 1562
1567 1562
1567 1563
1569 1567
1567 1568
1569 1567
1568 1572
1569 1575
1569 1577
1567 1578
1567 1578
1567 1583
1569 1586
1567 1584
1569 1585
1571 1588
1572 1589
1574 1593
1575 1594
1573 1592
1574 1593
1577 1595
1573 1595
1574 1594
1572 1591
1573 1591
1575 1595
1576 1593
1572 1592
1576 1591
1584 1579
1587 1575
1592 1565
1591 1558
1601 1549
1605 1542
1610 1531
1616 1524
1619 1517
1620 1513
1630 1501
1634 1491
1638 1486
1638 1487
1637 1489
1637 1486
1635 1486
1636 1486
1635 1485
1638 1487
1636 1487
1637 1487
1637 1487
1639 1486
1638 1487
1638 1487
1636 1487
1639 1489
1638 1486
1637 1489
1636 1486
1636 1487
1636 1488
1637 1487
1637 1486
1636 1485
1638 1488
1637 1485
1638 1486
1638 1486
1642 1490
1639 1491
1640 1491
1644 1493
1643 1493
1642 1496
1643 1496
1644 1497
1647 1501
1647 1502
1650 1504
1649 1503
1648 1504
1650 1508
1654 1507
1657 1507
1657 1508
1656 1510
1663 1506
1664 1507
1662 1511
1667 1514
1669 1512
1669 1512
1668 1514
1671 1514
1671 1516
1673 1517
1674 1518
1681 1516
1682 1516
1680 1518
1683 1518
1685 1518
1687 1516
1689 1517
1695 1516
1691 1518
1694 1515
1696 1517
1698 1515
1698 1514
1701 1513
1703 1516
1706 1514
1708 1513
1706 1512
1713 1513
1712 1513
1712 1512
1718 1509
1715 1513
1718 1508
1723 1504
1722 1504
1721 1507
1718 1508
1720 1509
1718 1506
1718 1505
1718 1509
1718 1507
1720 1508
1723 1506
1720 1506
1719 1507
1721 1505
1721 1503
1720 1508
1723 1507
1721 1506
1718 1507
1716 1501
1702 1495
1696 1497
1685 1489
1680 1488
1672 1481
1666 1479
1653 1473
1644 1467
1637 1465
1630 1463
1618 1453
1612 1448
1602 1449
1594 1444
1583 1438
1577 1437
1568 1432
1559 1425
1553 1422
1551 1424
1551 1424
1551 1424
1554 1424
1554 1422
1550 1423
1553 1424
1552 1425
1552 1422
1552 1423
1550 1424
1545 1420
1531 1412
1528 1410
1514 1405
1509 1401
1500 1395
1492 1395
1482 1389
1475 1383
1466 1379
1457 1376
1449 1372
1439 1363
1432 1360
1422 1356
1412 1354
1400 1348
1395 1343
1384 1340
1379 1337
1379 1337
1377 1338
1379 1337
1381 1337
1380 1337
1381 1336
1380 1337
1379 1335
1380 1337
1378 1336
1377 1334
1365 1332
1357 1326
1350 1321
1337 1322
1335 1314
1323 1308
1312 1303
1304 1299
1291 1296
1286 1292
1275 1292
1269 1285
1260 1281
1249 1275
1238 1274
1231 1268
1222 1264
1213 1264
1203 1256
1202 1254
1200 1255
1205 1254
1202 1254
1200 1254
1203 1252
1201 1254
1200 1254
1203 1254
1203 1253
1204 1252
1197 1250
1186 1245
1181 1242
1168 1238
1161 1233
1152 1227
1146 1223
1137 1219
1131 1215
1121 1211
1112 1206
1102 1203
1097 1197
1085 1194
1080 1188
1068 1185
1060 1176
1049 1173
1042 1172
1030 1166
1032 1166
1032 1166
1030 1164
1032 1165
1028 1169
1031 1166
1030 1166
1029 1163
1030 1165
1030 1166
1029 1164
1028 1163
1014 1157
1006 1152
995 1147
990 1142
977 1139
969 1135
961 1133
954 1128
942 1124
934 1120
932 1115
919 1112
909 1107
901 1105
894 1096
885 1095
875 1088
865 1086
860 1079
856 1080
855 1077
856 1080
860 1079
857 1079
855 1080
856 1076
857 1080
856 1080
858 1078
858 1081
850 1075
835 1071
832 1065
817 1063
813 1059
802 1054
797 1049
785 1047
779 1042
770 1038
762 1034
753 1029
742 1022
733 1019
725 1012
717 1013
705 1007
695 1005
689 999
685 996
684 995
686 995
684 994
687 1000
685 997
686 995
687 996
686 995
686 996
686 995
682 997
681 992
666 986
659 984
648 980
638 973
631 970
622 966
614 962
603 957
597 957
587 949
580 943
567 942
564 934
549 932
546 928
536 924
528 919
517 916
515 914
517 911
516 910
514 912
517 911
518 914
515 911
517 913
518 912
514 912
516 913
514 913
504 909
499 906
488 903
484 893
473 894
462 890
453 886
450 883
439 876
431 874
420 866
413 865
411 867
411 865
411 865
411 867
410 864
411 865
414 865
412 865
411 865
410 862
410 865
413 865
413 864
412 865
412 865
412 863
413 866
410 865
409 865
412 866
411 863
411 865
412 867
412 864
413 866
411 867
413 864
414 862
418 861
419 860
417 859
418 857
422 856
422 856
422 857
428 857
425 850
428 852
429 851
429 846
434 847
433 847
431 847
436 845
437 843
437 845
436 844
438 838
437 838
438 836
439 835
441 834
440 832
441 829
442 830
441 826
446 827
445 824
443 824
444 821
444 820
447 822
442 817
444 816
444 817
446 815
448 813
445 812
446 810
446 809
444 807
444 806
445 802
445 802
441 802
443 800
441 799
441 796
439 795
438 792
440 791
442 793
440 794
441 793
438 790
438 792
439 790
441 792
438 792
441 790
441 793
436 793
429 807
427 812
416 821
416 827
412 836
406 841
405 851
396 856
392 866
389 870
383 884
378 889
374 896
368 909
366 910
357 922
355 926
352 938
344 938
346 942
347 943
346 941
347 944
348 943
346 942
348 944
347 942
347 943
348 945
350 943
346 941
348 942
343 942
343 941
347 940
347 939
342 937
339 934
339 935
339 930
336 933
339 931
338 929
336 930
334 927
335 923
334 920
326 924
327 920
326 918
330 921
325 913
324 914
322 919
325 915
319 917
319 913
312 914
308 915
310 914
311 912
305 912
305 911
303 912
302 912
298 909
299 912
298 913
296 912
294 912
293 913
290 913
288 915
287 915
287 913
284 913
281 916
284 914
279 916
278 916
274 915
273 914
271 918
269 918
269 919
265 917
267 921
266 924
265 921
264 922
266 920
267 923
276 927
287 932
292 935
305 941
312 945
319 949
325 952
337 956
344 962
353 962
359 966
371 973
376 975
385 983
392 984
404 988
410 991
420 997
424 1003
428 1002
430 1003
431 1003
428 1001
429 1002
427 1002
428 1003
428 1004
426 1003
427 1006
429 1004
435 1001
440 1009
452 1010
457 1016
467 1022
475 1026
485 1031
492 1034
501 1037
510 1041
518 1047
527 1050
533 1055
543 1058
552 1069
556 1070
567 1072
580 1079
586 1080
596 1087
597 1086
596 1085
590 1089
598 1088
595 1091
596 1089
596 1087
596 1090
594 1086
596 1083
594 1088
602 1090
612 1096
618 1103
629 1105
641 1110
646 1113
657 1116
664 1121
674 1128
685 1132
692 1137
701 1139
707 1145
718 1152
728 1156
736 1160
742 1163
755 1168
760 1170
769 1177
764 1172
764 1177
768 1173
764 1176
767 1177
766 1175
766 1175
767 1177
765 1172
766 1174
774 1175
779 1180
792 1187
799 1189
809 1194
816 1195
828 1204
833 1210
844 1212
850 1219
861 1223
868 1226
878 1231
887 1236
895 1239
904 1244
917 1252
922 1253
931 1257
936 1262
939 1263
936 1262
939 1263
939 1264
937 1263
937 1263
938 1259
940 1262
940 1263
937 1265
936 1261
943 1263
955 1270
963 1273
970 1280
982 1284
993 1285
999 1294
1007 1297
1019 1302
1024 1306
1033 1311
1042 1317
1053 1319
1061 1323
1069 1328
1079 1337
1087 1338
1095 1344
1104 1347
1114 1350
1112 1354
1113 1351
1114 1353
1114 1353
1111 1351
1113 1353
1114 1351
1113 1351
1111 1352
1114 1352
1113 1351
1122 1360
1131 1364
1141 1368
1150 1370
1159 1376
1165 1379
1175 1388
1188 1391
1192 1394
1203 1400
1209 1406
1218 1412
1228 1410
1236 1416
1245 1421
1254 1428
1262 1432
1270 1435
1276 1439
1279 1445
1281 1445
1283 1443
1280 1445
1282 1444
1279 1443
1283 1443
1284 1444
1281 1443
1284 1444
1283 1442
1283 1442
1291 1445
1304 1450
1308 1457
1317 1463
1325 1465
1338 1473
1342 1478
1349 1482
1360 1487
1367 1491
1378 1495
1387 1501
1394 1506
1406 1509
1410 1514
1423 1520
1428 1522
1435 1528
1445 1532
1452 1540
1452 1536
1450 1536
1455 1537
1453 1538
1452 1537
1453 1539
1452 1537
1453 1537
1452 1538
1451 1537
1452 1539
1455 1541
1471 1547
1476 1551
1486 1555
1493 1557
1502 1564
1505 1570
1519 1572
1524 1576
1530 1578
1526 1578
1527 1580
1528 1581
1530 1578
1528 1578
1529 1581
1530 1577
1529 1581
1527 1580
1525 1580
1530 1579
1527 1578
1528 1579
1528 1579
1528 1575
1528 1578
1528 1581
1528 1579
1530 1580
1528 1578
1528 1580
1529 1581
1529 1578
1530 1578
1529 1582
1530 1577
1533 1580
1532 1577
1533 1579
1539 1574
1542 1574
1541 1574
1542 1577
1545 1576
1546 1575
1548 1576
1551 1575
1556 1574
1556 1573
1554 1575
1559 1573
1559 1571
1564 1573
1560 1573
1564 1574
1571 1575
1568 1573
1568 1574
1570 1574
1573 1576
1571 1575
1576 1578
1574 1576
1577 1580
1580 1579
1583 1578
1585 1579
1588 1583
1588 1583
1583 1581
1589 1585
1591 1587
1592 1585
1593 1585
1594 1588
1599 1589
1595 1588
1594 1587
1598 1591
1597 1596
1598 1593
1602 1594
1599 1593
1603 1596
1602 1598
1603 1598
1608 1602
1606 1603
1604 1603
1606 1607
1608 1607
1605 1605
1605 1605
1606 1604
1606 1604
1607 1605
1604 1602
1605 1604
1607 1607
1607 1604
1605 1605
1598 1616
1598 1627
1589 1632
1585 1640
1580 1645
1577 1655
1567 1662
1565 1669
1564 1679
1555 1689
1552 1696
1545 1704
1539 1714
1537 1719
1531 1730
1525 1738
1519 1741
1513 1754
1512 1757
1507 1761
1510 1765
1505 1758
1511 1763
1509 1764
1509 1764
1509 1763
1507 1761
1511 1764
1506 1761
1508 1760
1508 1763
1508 1765
1509 1762
1506 1764
1509 1767
1510 1769
1506 1768
1508 1768
1510 1772
1511 1770
1512 1772
1513 1776
1512 1778
1511 1775
1514 1781
1514 1780
1515 1779
1512 1783
1517 1786
1513 1788
1516 1792
1514 1791
1517 1792
1513 1787
1512 1793
1512 1796
1513 1799
1513 1798
1512 1803
1511 1803
1509 1804
1509 1804
1509 1807
1509 1809
1507 1809
1504 1816
1503 1814
1503 1814
1501 1817
1499 1816
1497 1818
1497 1820
1499 1819
1494 1824
1495 1822
1494 1824
1492 1820
1492 1823
1488 1825
1489 1826
1491 1828
1488 1825
1490 1829
1483 1830
1485 1829
1484 1832
1477 1833
1481 1832
1481 1831
1481 1829
1480 1836
1478 1830
1474 1826
1458 1822
1455 1817
1446 1814
1438 1809
1431 1807
1422 1797
1414 1797
1405 1790
1396 1787
1389 1781
1381 1775
1371 1773
1364 1767
1357 1758
1347 1754
1341 1749
1330 1744
1321 1742
1317 1736
1317 1739
1318 1736
1319 1739
1319 1737
1316 1738
1319 1737
1317 1735
1316 1737
1317 1739
1317 1734
1317 1738
1308 1735
1302 1728
1290 1724
1279 1720
1277 1714
1263 1708
1257 1706
1248 1696
1240 1693
1229 1691
1226 1684
1215 1678
1209 1674
1199 1670
1192 1664
1183 1659
1173 1656
1165 1649
1159 1646
1150 1639
1151 1640
1151 1641
1148 1642
1150 1642
1149 1641
1152 1640
1151 1640
1150 1638
1152 1641
1150 1641
1151 1639
1144 1637
1133 1630
1128 1626
1117 1619
1108 1616
1101 1609
1093 1605
1083 1599
1077 1596
1068 1592
1063 1586
1050 1581
1047 1576
1034 1571
1028 1566
1018 1559
1006 1552
1002 1549
992 1542
986 1538
987 1538
986 1539
986 1539
986 1537
985 1540
986 1539
986 1539
986 1538
987 1539
986 1540
984 1539
974 1532
966 1523
960 1521
949 1514
942 1512
928 1505
923 1501
917 1495
908 1488
897 1484
891 1481
883 1476
874 1468
866 1464
857 1458
848 1454
841 1449
833 1444
824 1437
823 1437
824 1436
821 1437
822 1437
820 1439
823 1439
820 1439
822 1437
823 1440
824 1438
823 1440
814 1435
800 1427
798 1423
786 1413
780 1410
769 1404
763 1403
755 1398
747 1390
734 1386
729 1384
722 1375
714 1370
706 1364
698 1360
685 1356
681 1352
672 1344
663 1342
658 1336
657 1335
658 1336
659 1338
656 1336
660 1336
658 1339
657 1335
657 1337
657 1340
658 1337
659 1337
651 1331
639 1316
635 1319
623 1311
616 1310
604 1307
600 1300
588 1296
585 1291
572 1283
568 1282
558 1278
550 1271
540 1264
528 1258
525 1255
515 1249
508 1246
494 1239
493 1236
494 1236
494 1235
495 1234
491 1235
493 1237
495 1234
494 1237
492 1237
494 1236
495 1235
492 1235
492 1232
478 1226
473 1222
463 1216
458 1211
450 1205
443 1200
434 1197
422 1190
418 1186
407 1179
403 1174
392 1171
385 1166
375 1162
368 1158
359 1150
356 1146
344 1139
341 1137
337 1136
337 1136
338 1135
338 1137
335 1135
338 1135
336 1137
337 1135
336 1135
341 1137
339 1134
327 1131
321 1124
312 1117
305 1114
297 1107
289 1105
282 1102
274 1096
264 1090
258 1085
247 1079
245 1074
233 1070
228 1067
215 1060
208 1053
203 1050
197 1044
186 1042
184 1042
186 1038
183 1037
186 1038
183 1038
184 1039
187 1038
186 1039
183 1040
183 1041
185 1035
177 1036
167 1028
162 1028
151 1019
145 1016
137 1009
126 1005
124 999
111 994
105 989
101 985
95 981
84 978
84 978
1804 613
1798 608
1800 611
1798 614
1798 612
1802 611
1801 609
1801 613
1799 609
1797 611
1805 612
1799 610
1796 610
108 991
119 996
122 1001
132 1006
141 1010
147 1015
146 1018
146 1016
142 1015
146 1015
148 1013
143 1014
144 1014
144 1013
142 1017
144 1014
145 1016
147 1014
148 1014
146 1015
144 1015
148 1013
148 1016
152 1011
151 1016
151 1014
157 1011
156 1013
156 1011
158 1009
158 1007
161 1009
161 1007
163 1006
167 1003
165 1006
166 1004
167 1002
169 1001
167 999
170 1000
172 996
174 997
170 994
175 993
176 993
176 992
179 993
177 988
178 987
181 986
182 985
180 983
182 981
182 983
182 980
181 979
182 977
183 974
183 973
184 970
184 969
182 968
186 969
184 966
186 964
185 963
184 961
185 960
184 957
186 959
185 954
185 954
184 950
181 951
181 949
182 949
179 947
181 951
183 949
182 949
182 949
182 950
182 947
182 949
181 950
179 949
173 957
167 966
165 973
157 984
154 988
147 996
143 1003
138 1013
131 1014
124 1024
120 1031
111 1038
104 1044
100 1046
95 1057
88 1063
89 1075
90 1083
88 1091
1801 612
100 1104
1799 610
1800 611
1801 612
1806 610
1797 610
1796 611
1799 614
1800 609
1798 611
1803 611
97 1104
1803 613
1798 610
80 1084
83 1085
1799 610
1803 613
1801 610
1796 611
1800 611
1798 610
1805 612
1798 608
1798 611
1801 609
1804 611
1799 610
1798 610
1800 614
1804 616
1797 609
1808 614
1800 611
1640 2299
1799 611
1799 611
1795 610
1801 613
1800 610
1797 610
1798 609
1801 609
1796 612
1799 610
1805 613
1798 608
1799 607
1802 612
1807 611
97 1111
1798 610
1798 609
1803 611
1797 609
1797 613
1798 609
98 1180
101 1184
107 1193
108 1196
103 1199
107 1198
106 1194
105 1193
110 1199
107 1203
108 1199
113 1203
106 1198
108 1196
108 1196
107 1198
110 1196
105 1196
105 1197
110 1196
105 1199
107 1197
108 1196
103 1196
111 1197
106 1197
105 1197
111 1196
108 1197
106 1198
110 1194
105 1197
111 1196
108 1196
104 1194
108 1198
104 1199
105 1194
107 1198
104 1196
105 1194
107 1196
105 1198
109 1196
110 1196
106 1194
108 1197
105 1197
105 1198
109 1194
106 1198
104 1196
106 1195
108 1195
109 1198
104 1196
110 1196
106 1198
104 1198
106 1200
108 1194
104 1194
108 1197
108 1195
107 1194
109 1197
105 1198
104 1193
108 1197
104 1199
